  -1.5331510e-01   4.8502299e-01  -9.3547504e-01  -5.8403920e-01  -8.0802352e-02  -8.3064599e-01   3.3907757e-01  -6.7401343e-01  -4.2872380e-01  -7.4274124e-01   5.9039571e-01  -7.1230718e-01
  -4.7115560e-01   7.3330511e-01  -1.4273427e+00  -1.1968601e-01   7.5850316e-01  -1.8925614e-01   7.5957937e-01   4.3619471e-01   7.4630666e-02  -4.6747295e-01   5.8026051e-01  -2.8541863e-01
  -2.9064121e-01   7.5807560e-01  -6.9416802e-01   2.5417867e-01   5.5636497e-03  -7.9275232e-01   7.3207378e-01  -1.7303765e-01  -6.3971278e-01  -7.6054427e-01   2.7935085e-01  -1.0163018e+00
  -2.3642772e-01   8.1208491e-01  -7.0407604e-01   7.1578214e-02   1.8076927e-01  -1.3123727e+00   7.1658146e-01   4.6559148e-01  -1.4203263e-01  -8.3683688e-01   5.4849294e-01  -3.6344103e-01
  -9.9372867e-01  -1.2979600e+00  -5.3117227e-01   8.9495137e-01  -1.2537087e-01  -5.9143051e-01   1.2573429e+00   6.5775166e-01  -1.3611417e-01  -1.6896662e-01   1.0325209e+00  -9.3510700e-01
  -2.8011465e-01  -1.4017576e+00   9.2739338e-02   7.1395085e-01  -5.4423910e-01  -1.4965090e+00   1.8266648e-01  -8.5185197e-02  -8.8181957e-01  -7.7646183e-01   6.9053582e-01  -1.0436552e+00
  -7.3684585e-01  -1.6931388e+00  -6.9331711e-01   1.0575880e-01   1.9894107e-01  -7.6097444e-01   6.1221609e-01   9.1415575e-01  -3.6041565e-01  -1.0466757e-01   1.3826946e+00  -6.3582881e-01
  -1.5425463e+00  -1.5170257e+00  -4.4457091e-01   8.6821946e-01   2.6548736e-01  -1.3087266e+00   9.6343287e-02   2.4590702e-01  -1.4848061e+00  -1.0277477e+00   6.4931339e-01  -9.8573484e-01
  -4.9514977e-01  -9.9681323e-01  -1.2289097e-01   6.6556675e-01   4.1370487e-01  -1.0540582e+00   4.1671469e-01   8.3376750e-01  -8.1530243e-01  -2.7319459e-01   1.5585324e+00  -7.3073578e-01
  -4.2171069e-01  -3.5809816e-01  -2.8324289e-01   4.8934972e-01   4.3443165e-02  -1.2094171e+00   3.5523170e-01   2.6534100e-01  -1.0269427e+00  -3.2632564e-01   7.1543776e-01  -8.4009126e-01
  -1.8423318e+00  -7.9224581e-01  -2.2237064e-01  -7.8052970e-03  -9.5499109e-02  -5.1197349e-01   1.1170376e+00  -1.4248418e-02  -1.1052342e+00  -4.5229873e-01   5.9079688e-01  -2.9406200e-01
  -5.8108695e-01  -5.7168410e-01  -1.4504998e+00  -2.6537523e-01  -3.2500466e-01  -1.0193430e+00   3.7100387e-01   5.1031434e-01  -1.4279194e-01  -2.1940491e-01   4.6285014e-01  -7.2748361e-01
  -3.0212675e-01   1.5055536e-01  -4.7600522e-01   2.1304725e-01   5.8996404e-01  -8.8565085e-02   6.9116638e-01   5.0114691e-01  -4.6037328e-01  -1.4652768e-01   6.9350706e-01  -1.1346400e+00
  -1.5057239e-01   5.7600946e-01  -5.8626912e-01   8.7695515e-02   1.3352696e-01  -2.2373625e-01   8.2084081e-01   7.7230533e-01  -7.2529890e-01  -7.0409819e-01   7.5280993e-01  -3.1661190e-01
   2.0291155e-01   7.6661583e-01  -7.5352557e-01  -4.0060993e-01  -1.5776618e-01  -1.4152364e+00  -2.2914550e-01  -3.9739503e-01  -3.4103189e-01  -4.4376180e-01   6.3454226e-01  -1.0214897e+00
  -7.2477724e-02   1.1759359e+00  -9.0145458e-01  -1.8172240e-01   9.7485708e-02  -7.5519652e-01   1.7722799e-01  -1.8192535e-01  -1.0893872e+00  -6.4324753e-01   5.4757540e-01  -6.3635613e-01
  -2.2082657e-01   8.9118212e-01  -1.3942812e+00  -1.3532613e-01   4.7398051e-01  -1.6652836e-01   1.1101839e+00   6.5317621e-01   2.1187859e-01   1.7642943e-01   1.0510743e+00  -7.5821690e-01
  -3.4478524e-01   1.2508740e+00  -5.5360574e-01   4.0410318e-01   3.3096346e-01  -7.8114340e-01   6.7284597e-01   2.5448676e-01   1.4456020e-01   6.6801935e-02   9.7183407e-01  -3.3934201e-01
  -6.4125119e+00   3.7057262e+00  -1.3321720e+00  -1.2422705e+00   2.4355184e+00  -1.1660712e+00   7.6496911e-01   2.2802996e-01  -8.1157166e-01  -1.5370565e-01   8.1062476e-01  -5.6172873e-01
  -2.2527656e+00   1.9560854e+00  -7.6351480e-01  -8.4752774e-02   5.8274387e-02  -6.9903154e-01   8.0627707e-01  -2.8846265e-01  -2.4885199e-01  -2.3858016e-01   1.3297200e+00  -7.2797831e-01
  -2.5555489e+00   1.6686784e+00  -1.0700152e+00   2.9199979e-01   2.3436296e-01  -1.5588386e+00   8.8411919e-01   9.8420506e-02  -8.7748198e-01  -5.5765100e-01   9.1599221e-01  -8.9781579e-01
  -1.7498655e+00   1.6289445e+00  -8.6186627e-01  -6.6904858e-01   2.7483778e-01  -1.0438286e+00   1.0407860e+00   7.8113549e-01  -6.4083631e-01  -5.1730265e-01   7.1827811e-01  -5.8841975e-01
  -2.8287883e+00  -8.9944563e-01   8.8863807e-01  -2.4139492e-01   1.8097588e+00  -7.9474115e-01  -2.3476477e-02   7.8858985e-01  -1.5242853e-01  -3.2888472e-01   7.5372611e-01  -4.3833002e-02
  -1.2696876e+00   1.1992830e+00  -3.3774528e-01  -4.7609564e-01   1.4739878e-01  -1.2301083e+00   3.9847473e-01   3.1316848e-01  -5.2538837e-01  -4.4485567e-01  -1.4023780e-02  -2.2231916e-01
  -5.6616019e-01   7.0242094e-01  -7.0936487e-01  -1.6370409e-03   4.5910511e-01  -1.0988496e+00   8.9643114e-01   7.5006230e-01   1.8091008e-01  -3.8316982e-01   4.6292738e-01  -2.3262198e-01
  -2.2073473e+00   6.1176447e-01   2.3103567e+00  -3.4022430e+00  -1.1450440e+00  -3.6598176e+00   1.0795598e+00   3.8744803e-01  -1.0878616e+00   5.8291547e-01   1.1124836e+00  -2.3199283e-01
   1.0545046e+00   2.1349529e+00   3.9897525e+00  -1.9822711e+00  -2.2990245e-01  -3.4232279e+00   8.4607352e-01   4.6897534e-02  -1.4911031e+00  -4.5704239e-01   1.8023344e+00  -6.1657600e-01
   1.6963766e+00   2.1828926e+00   4.2204276e+00  -1.8103980e-01  -1.3363190e+00  -3.2865898e+00  -2.9363919e-01  -1.9328204e-01  -1.1751166e+00   3.0570221e-01   1.4404457e+00  -5.6807410e-01
   1.4474994e+00   2.6436984e+00   3.4110126e+00  -9.7675078e-01  -4.9226615e-01  -3.7410246e+00   5.3252285e-02   3.1031435e-01  -5.6382627e-01  -1.3050540e-01   5.0811510e-01  -1.1468788e+00
   3.2985108e+00   2.0941588e+00   3.1323187e+00  -1.9388016e-02  -1.2102301e+00  -3.1072300e+00   6.0815429e-01   2.5639011e-01  -1.5986129e+00  -3.5446400e-01   9.2244201e-01  -1.5515521e+00
   2.6491638e+00   2.5686444e+00   1.4713572e+00   6.3090566e-01   5.7225947e-01  -1.2138518e+00   2.6827651e-01  -2.6460995e-01  -1.0900129e+00  -1.5705304e+00   1.0880825e+00  -3.8548020e-01
   1.7903633e+00   2.0153642e+00   5.6537746e-01   6.9331359e-01   4.0623497e-01  -8.2987577e-01   1.9105296e-01  -2.4369361e-01  -9.2210710e-01  -1.2683183e+00   2.3585618e-02  -8.6531782e-01
  -2.0665106e+00  -1.8713768e+00  -1.0099432e+00   5.9891840e-01   3.2583183e+00  -2.8573256e+00  -5.1257310e-01   6.0285657e-01  -6.1531252e-01  -8.1750923e-01   2.7635541e-01  -9.5251303e-01
   2.9063334e+00   8.8794337e-02   2.9020132e+00  -2.5526151e-01   4.3686585e-01  -3.3545769e+00   2.7218663e-01   5.3917423e-01  -1.7312388e+00   4.2890852e-01   2.5772025e-01  -2.0037335e+00
   2.1275319e+00   1.5171171e+00   2.1346480e+00  -1.4913006e+00   1.8760370e-01  -3.8047434e+00   9.8123742e-01   5.3143833e-01  -2.5601026e+00   5.9721985e-01   1.1959369e+00  -2.4270099e+00
   2.2072305e+00   2.7914420e+00   2.6243008e+00  -1.1194525e+00  -2.9441597e-01  -1.8951220e+00  -1.0826547e+00   6.0986704e-01  -9.0937488e-01  -4.3929499e-01   8.2202378e-01  -1.4468916e+00
   1.3929080e+00   2.2294897e+00   3.4896270e+00  -8.9687724e-01   1.3215492e+00  -1.2383449e+00  -1.8978620e-01   1.1011358e+00  -7.5224387e-01  -3.6062050e-02   1.1511332e+00  -1.9592969e+00
   9.8841349e-01   1.9066022e+00   3.5146414e+00  -6.1234672e-01   1.9974755e+00  -8.0279487e-01  -5.4163589e-01   9.1413277e-01  -8.3081881e-01   5.2835133e-01   1.3764342e+00  -1.8435196e+00
   9.0316642e-01   3.2581186e+00   2.3471208e+00  -1.0232304e+00   1.5565183e+00  -1.6038058e+00  -5.4621732e-01  -7.3223058e-01  -9.5568992e-01   5.3392614e-02   1.3297915e+00  -1.5331083e+00
   2.2636751e+00   2.0464235e+00   2.9777689e+00  -1.5016080e+00   6.1625668e-01  -2.2810997e+00   1.3454063e-02  -2.9835943e-01  -1.3366818e+00   1.0127290e+00   1.8737386e+00  -2.1061015e+00
   1.8120992e+00   2.5167040e+00   3.7270029e+00  -1.1895278e+00  -6.5724484e-01  -3.0745331e+00   3.1802012e-01   1.1718319e+00  -1.9662697e+00   7.5662036e-01   1.7346720e+00  -1.9850707e+00
   2.8900170e+00   1.3976667e+00   2.8187890e+00   2.6978464e-01  -7.2642738e-02  -3.4921609e+00   6.6099370e-01   1.1535012e+00  -2.3086296e+00  -1.4389001e-01   1.0811417e+00  -1.4507889e+00
   2.4355041e+00   1.2183532e+00   6.5610430e-01  -4.6134764e-01   5.2023802e-01  -1.2728063e+00   6.3241335e-01  -5.5287066e-01  -8.7837110e-01  -1.1023218e+00   6.8196817e-01  -9.2356864e-01
   2.4000146e+00   9.6235036e-01   3.6994424e-01   1.0730559e-01   7.4398083e-01  -9.2205447e-01   8.0304815e-01  -4.2061319e-01  -7.9644067e-01  -8.8619285e-01   8.0364739e-01  -5.4181232e-01
  -2.4159355e+00  -2.9902913e+00   1.6035263e+00   1.7494167e-01   2.1337360e+00  -1.9606179e+00   9.8885330e-01  -1.7120677e-01  -9.3875527e-01  -7.3412164e-01   8.8005395e-01  -4.0232188e-01
   2.0557359e+00  -2.2099739e-01   2.4204962e+00  -2.8184190e-01   2.2213814e+00  -1.0395548e+00   1.7040732e+00  -1.0346023e+00  -2.6764391e+00  -1.7748599e-01   6.8746637e-01  -7.8288274e-01
   1.3457990e+00  -7.2337512e-01   3.5723298e+00  -5.4941565e-01   1.8524407e+00  -8.2660308e-01   8.6264464e-01  -1.2703404e+00  -3.3506684e+00   1.3829660e-01   6.0821117e-01  -1.0119113e+00
   8.6257002e-01  -1.0163122e+00   4.0252190e+00  -1.6814341e-01   2.3399218e+00  -1.5506869e+00   4.3147244e-01  -1.1611774e+00  -2.4963151e+00   2.0343817e-01   7.4536331e-01  -9.9011967e-01
   6.8555478e-01  -7.9055989e-01   3.2198317e+00  -6.8046637e-01   2.9885831e+00  -1.0747895e+00   5.6002309e-01  -8.1783667e-01  -2.0794394e+00   1.1730122e-01   9.9495313e-01  -7.7094086e-01
   4.7837956e-01  -7.7788848e-02   2.0534485e+00  -5.3051667e-01   2.8377175e+00   4.9517369e-01   2.4747626e-01  -1.0227109e+00  -1.6490064e+00  -2.0094004e-01   1.3589340e+00  -4.8237438e-01
  -4.3489824e+00  -5.4182161e-01   1.2269041e+00  -2.1775895e-01   2.7588103e+00  -4.1063144e-01   6.3139529e-01  -5.1616867e-01  -7.0879972e-01  -7.0283605e-01   1.3974331e+00  -9.8591562e-01
  -7.4259406e+00  -4.5079873e-01   2.3617257e+00  -8.0344885e-01   2.7076945e+00  -1.3940935e+00   1.4332137e-01  -3.2127808e-01   2.1049884e-01  -3.9726729e-01   1.3472145e+00  -8.7453396e-01
  -7.6597703e+00  -3.3503835e-01   2.1881073e+00  -4.1990135e-01   2.8080645e+00  -1.2648402e+00   2.3067041e-01  -1.3609819e+00  -2.6394027e-01  -5.7225573e-01   9.1069098e-01  -2.3993024e-01
  -8.1319212e+00   1.1244748e-01   2.1738899e+00  -1.0713497e+00   2.0458226e+00  -5.7038523e-01   6.9218488e-01  -9.9585458e-01  -2.9341427e-01  -8.1962925e-01   6.2748530e-01  -3.0536257e-01
  -7.8073736e+00  -6.3907333e-01   1.3044850e+00  -1.0943821e+00   2.0541051e+00  -5.1649432e-01   1.3024503e+00  -6.4890092e-01  -6.8935270e-02  -4.6456200e-01   7.9732883e-01  -4.4608923e-01
  -8.4976699e+00  -7.3585661e-01   1.9806370e+00  -1.0861558e+00   1.7139204e+00  -1.0428495e+00   1.7748404e-01  -9.2581008e-01  -3.7540480e-01  -7.4944963e-01   4.4167654e-01  -7.3859651e-01
  -7.7360723e+00  -6.9559457e-01   2.3646164e+00  -1.1368323e+00   1.6421567e+00  -1.4101000e+00   6.1179134e-01  -3.8388265e-01  -5.2022710e-02  -7.0417337e-01   5.9048803e-01  -4.3067404e-01
  -8.4388610e+00  -1.7755564e+00   1.4613102e+00  -1.3289169e+00   1.9133646e+00  -6.7537719e-01   8.2264181e-01   1.1554772e-01   2.7003033e-01  -1.0086471e+00   5.0930704e-01  -8.6645656e-01
  -3.4304896e+00  -1.5010837e+00   1.6094182e+00  -9.6349613e-01   1.6003023e+00   1.3237092e-01   4.8963644e-01  -7.2277694e-01  -3.7652101e-01  -3.2477360e-01   5.9343225e-01  -7.5719128e-01
  -1.9553309e+00  -3.3043618e-01   1.1336192e+00  -1.6151999e+00   1.3407091e+00  -2.1446220e-01   5.3914113e-01  -1.5146946e-02  -9.2977950e-01  -1.1708901e+00   3.9977743e-01  -8.9954690e-01
  -2.5512683e+00  -4.2664765e-01   8.1690433e-01  -1.5617705e+00   6.2079728e-01  -1.5514610e+00  -3.7487189e-01   8.8967221e-02  -5.0159663e-01  -1.0201479e+00   1.0264622e-01  -9.7661015e-01
  -2.0988378e+00   8.6733892e-01   5.5386089e-01  -7.9096271e-01   1.4513865e+00  -5.1423787e-02   5.6893885e-01   5.3351940e-01  -8.4646687e-01  -8.4489908e-01   4.8259162e-01  -2.8780920e-01
  -1.7872836e+00   9.5522448e-02   6.3133815e-01  -2.0472900e+00   6.0436846e-01  -6.3535586e-01   2.3485842e-01  -6.4663338e-02  -6.3763079e-01  -6.1018380e-01   8.9434345e-01   7.3058301e-02
  -1.7047579e+00   2.2542880e-01   7.4534422e-01  -1.2176141e+00   1.0284838e+00  -1.1101405e+00  -1.2611010e-02   2.8798787e-01  -7.3477225e-01  -9.9991724e-01   5.6051002e-01  -9.3067934e-02
  -1.2473956e+00  -3.7808923e-01  -2.3010168e-01  -6.2051942e-01   6.0245597e-01  -5.8267693e-01   5.5354626e-01   1.1353036e-01  -8.8985213e-01  -9.9922856e-01   3.3672639e-01  -9.4506171e-01
  -7.3250959e-01   1.6612924e-01  -8.8078077e-02  -5.3581193e-01  -2.9976685e-02  -5.1754340e-01  -1.0380878e-01  -9.5303974e-02  -3.9886411e-01  -6.1237490e-01   1.0797588e+00   5.0454307e-02
  -3.8941549e-01   1.4564871e-01  -7.6685945e-01  -1.2837285e+00   2.2888873e-01  -3.4843242e-01   5.6635403e-01   3.6587029e-01   2.2811299e-01  -8.7616975e-01   2.6118591e-01  -2.7341782e-01
   5.6744267e-01   9.9982485e-01   8.7967291e-03  -9.9766678e-01   7.1613373e-02  -6.7280796e-01   4.7690206e-01   1.8534362e-01  -2.7833447e-01  -8.0028395e-01   5.3297422e-01  -7.0619894e-01
  -4.1416365e-01   2.5885030e-01  -7.8315919e-01  -4.2015645e-01   2.2076873e-01  -6.0261166e-01   4.9917270e-01   2.5080286e-01   5.7643684e-01  -3.2914341e-01   8.0133892e-01  -5.3713308e-01
   2.8384151e-01   3.0148298e-01  -1.1117008e+00  -3.9657624e-01  -1.2219932e-01  -9.9008291e-01   6.9407097e-02  -4.5106221e-01  -1.8240895e-01  -8.5028651e-01   7.9662253e-01  -5.7688484e-01
  -1.3724286e-01   4.7468369e-01  -1.2775564e+00  -6.0862600e-01   5.8617663e-02  -6.8939705e-01   8.2721946e-01  -1.6333634e-01  -6.2968175e-01  -6.8568673e-01   1.1187212e+00  -2.2653215e-01
   4.7453691e-01   9.6789912e-01  -9.6264418e-01  -5.7076561e-01   4.4861049e-01  -6.2075768e-02   1.2147931e+00   1.3308126e-01  -3.9464738e-01  -4.8891932e-01   1.1352123e+00  -3.1461963e-01
   1.1530105e-01   5.0657621e-01  -7.3514001e-01   8.9269792e-02  -1.6573560e-01  -1.0914367e+00   5.6004680e-01   4.6608019e-01  -7.0249686e-02  -5.5169822e-01   8.9449254e-01  -1.1600244e-01
   2.0745093e-01   4.5838315e-01  -5.1841711e-01  -5.0321414e-02   5.0007519e-02  -1.2366795e+00   3.3408145e-01  -3.0410959e-01  -7.0402599e-02  -9.0149816e-01   3.0934883e-01  -1.0771117e+00
   9.0413016e-01   7.9302713e-01  -1.2919460e+00  -1.0528363e-01   4.6086719e-01   2.6481775e-02   9.0410616e-01   3.2420248e-01  -7.2512754e-01  -4.9506853e-01   1.0128866e+00  -3.8142601e-01
   1.3840775e-01   7.1007319e-01  -1.1526582e+00  -2.9583983e-01   1.5411103e-01  -7.6950313e-01   1.1657128e+00   3.7934481e-01  -3.8143799e-01  -8.5190944e-02   8.8382135e-01  -6.9633959e-01
   2.6922401e-01  -1.5919314e-01  -5.4550282e-01   1.5721214e-01   7.7257787e-01  -7.4457012e-01   6.7246468e-01   1.6114233e-01   2.7253310e-01  -4.1099676e-01   8.5185172e-01  -6.4630172e-01
   1.4325259e-02  -1.5234219e-01  -1.0074373e+00   9.5848959e-02   4.9055279e-01  -8.1737241e-01   7.2327581e-01   4.8140544e-01  -1.8291684e-01  -6.9250736e-01   8.2210678e-01  -4.8454845e-01
   5.3447599e-01  -5.7042259e-01  -1.4010663e+00   2.9817469e-01   9.5181449e-01  -4.3886134e-01   6.3536862e-01   4.7784097e-01  -6.2260758e-01  -8.7176020e-01   4.4029409e-01  -7.7730084e-01
  -5.4426005e-01  -1.6928549e+00  -1.1129299e+00   1.1369207e+00   7.7746970e-01  -1.3696008e+00   4.0521504e-01   2.7993148e-01  -5.8568947e-01  -1.0088928e+00  -8.7722788e-02  -9.6607489e-01
  -1.7245098e+00   1.5918318e+00  -6.7245399e-01   3.4947920e-01   1.3450522e+00  -2.6559488e-01  -4.0648632e-01   6.2546281e-01  -7.3283320e-01  -8.2489659e-01   4.9983133e-01  -7.0381857e-01
  -3.8783998e+00   1.9467503e+00   6.8381072e-02  -4.6278120e-01  -2.5210906e-02  -1.6859004e-01  -8.0539671e-01   1.7771541e-01  -8.1044779e-01  -8.4394484e-01   4.7349415e-01  -5.0512986e-02
  -3.7671191e+00   1.5423547e+00  -8.6939009e-01  -3.1159564e-01   6.8117240e-01  -2.7170048e-01  -5.9017014e-01   7.0562974e-01  -8.6812317e-01  -8.6627227e-01   2.4896260e-01  -7.9555956e-01
  -2.2020024e+00   1.3448527e+00  -3.3288360e-01  -1.0521047e-01   6.7007268e-01  -1.0150627e+00   4.3904372e-02   9.3471980e-01  -5.1622121e-01  -1.2714517e+00   1.4978482e-01  -8.4890200e-01
