   4.5350811e-02  -9.1311585e-01  -1.2007016e+00   1.3109916e+00   9.1586079e-01  -1.1262410e+00   7.3467073e-01   4.9484113e-01  -1.1523531e-01  -1.7726154e-01   3.0425902e-01  -7.6842471e-01
   1.2598429e-01   1.0958565e-01  -1.3077600e+00  -1.4967315e-01   1.0793630e+00  -3.8332764e-01   6.8976865e-01   1.1788976e-01  -5.1067493e-01  -6.8476328e-01  -1.3925370e-01  -1.0909264e+00
  -2.4697610e-01   7.9288590e-01  -8.1691046e-01  -2.4227833e-01   3.3986240e-01  -2.2654463e-01   5.9548806e-01  -2.3750943e-01  -6.0164227e-01  -2.6381188e-01   1.4736415e-01  -9.8748859e-01
   7.2833406e-01   9.3796667e-01  -4.0812222e-01   7.3324130e-01   5.6421162e-01  -5.3843994e-01   7.8578498e-01  -3.7977817e-01   1.0043318e-02  -7.9082722e-01   3.4608419e-01  -6.1698966e-01
  -7.0843931e-02   1.3653769e+00  -1.0179128e+00   1.2798858e-01   1.4821707e-01  -7.5089296e-01   4.6294075e-01   1.9559188e-01  -1.5557964e-01  -3.8635697e-01   3.3955526e-01  -4.5675154e-01
  -4.4266846e-01   3.0627341e-01  -1.0000278e+00  -2.3672854e-01   7.2324065e-01  -5.0693824e-01   8.6814045e-01   8.2194830e-02   6.9741079e-02  -3.8235608e-01   3.4632636e-01  -7.9482354e-01
   3.9453674e-01   1.6077587e+00  -8.6673266e-01   2.0170597e-02   8.9891995e-02  -8.4626902e-01   3.5979026e-01  -2.4144413e-01  -5.7384772e-01  -4.7152724e-01   5.1878955e-01  -5.2455060e-01
  -1.1052265e+00   8.9665586e-02  -5.2546257e-01  -1.3644762e+00   7.1909761e-02  -1.7207755e+00   6.1668543e-01   7.0134379e-01  -1.4295494e+00  -8.8860126e-02   1.2351520e+00  -5.7979199e-01
  -3.2100367e+00  -7.3802760e-02   1.3204960e+00  -3.4258190e+00   1.8901843e+00  -2.5399257e+00   1.1661481e+00   9.3633797e-01  -4.3157990e-01   7.6537382e-01   9.0647807e-01  -4.3596681e-01
   2.0515637e-01   1.7832192e+00   3.6037377e+00  -1.6826878e+00  -6.5730956e-02  -2.5670556e+00   1.0556210e-01  -3.3830462e-02  -9.9775625e-01   4.2277559e-01   4.9876432e-01   2.4347874e-02
   1.6434024e+00   2.9001651e+00   4.0457955e+00  -1.6077249e+00  -2.2032971e-01  -3.2173363e+00  -3.9109707e-01  -4.9994659e-03  -8.9906311e-01  -5.3434268e-03   1.4475954e+00  -2.4691361e-01
   2.2267551e+00   2.8843393e+00   4.6018784e+00  -2.7408934e-01  -6.4746280e-01  -3.9324490e+00   1.7071593e-01  -4.4527258e-01  -1.6555321e+00   9.7386604e-02   1.2587008e+00  -2.7795250e-01
   2.8404362e+00   2.8307661e+00   4.6545769e+00  -4.0268808e-01  -8.5736469e-01  -3.9224727e+00   3.4120694e-01  -4.4996237e-01  -9.4830195e-01  -5.1396337e-01   5.5124204e-01  -5.1019574e-01
   2.6468987e+00   3.0930910e+00   3.5168483e+00  -1.5175989e-01  -1.0874741e+00  -3.0909280e+00  -1.2322738e-01  -2.2895240e-01  -1.2129239e+00   2.7283422e-01   3.3646790e-01  -1.1664451e+00
   3.1221840e+00   2.7402811e+00   2.1843875e+00   7.2823267e-01  -1.0834921e-01  -2.4865246e+00  -3.5587754e-01   5.8994797e-01  -1.3939591e+00  -3.9225602e-01  -1.2779746e-01  -1.1624283e+00
   2.8950466e+00   2.6459625e+00   1.6508973e+00   3.3189412e-01   7.6259611e-01  -7.4168245e-01  -5.7628983e-02  -7.6669747e-01  -8.1154235e-01  -1.1485925e+00   4.5652242e-01  -4.9851159e-01
   7.8504607e-01   4.0541987e+00   5.4069292e-01   4.6329626e-03   6.2101405e-01  -1.7403892e+00  -2.5870054e-01  -3.7742540e-01  -1.7884071e+00  -1.4747883e+00   5.7904730e-01  -1.1176019e+00
  -3.8066403e+00  -1.0526867e+00   1.0420411e+00   1.0240302e+00   1.2785490e+00  -2.7734067e+00  -2.5093500e-01   4.1487895e-01  -1.3081205e+00  -1.3129442e+00   7.1594938e-01  -1.1673186e+00
   2.1878031e+00   1.7000483e+00   3.1165746e+00  -3.7488817e-01   6.3628778e-02  -3.1899109e+00  -4.7427202e-01   6.2357615e-01  -1.8627675e+00  -3.3766796e-01   5.1775900e-01  -2.4247610e+00
   1.4573073e+00   2.9960766e+00   3.7621829e+00  -7.5402415e-01   2.4751672e-01  -3.7555473e+00  -2.3389683e-01   6.5954653e-01  -1.7690131e+00   1.3504623e-01   1.0849132e+00  -1.4589280e+00
   1.7405639e+00   2.0129013e+00   3.4178960e+00  -4.5225456e-01   7.4495197e-01  -5.3922952e-01  -5.4451361e-01   1.0513531e-01  -1.1873407e+00  -1.4300530e-01  -2.8122923e-01  -1.8248236e+00
   1.7794030e+00   2.4243931e+00   2.9743292e+00  -4.5129924e-01   1.8566540e+00  -9.6017995e-01  -7.5783015e-01   4.0666993e-01  -1.1134815e+00  -1.7894467e-01   1.2079153e+00  -2.2834157e+00
   1.2954555e+00   2.0447004e+00   2.9500331e+00  -2.2071190e-02   2.2563878e+00  -1.0588818e+00  -1.0591916e-01   9.0454970e-01  -1.7264379e+00   8.3740511e-02   9.0657761e-01  -2.5162917e+00
   2.3711180e+00   2.8507971e+00   3.9664657e+00  -2.3609703e+00   1.6867253e+00  -1.7390785e+00  -6.6186902e-01  -1.1877890e+00  -1.3965671e+00   1.9095711e-01   1.2640790e+00  -1.6109414e+00
   1.4356063e+00   2.6396892e+00   4.5404827e+00  -1.7198220e+00   6.9328636e-02  -2.9378618e+00  -1.4158323e-01  -3.4134968e-01  -1.3398243e+00   4.6545643e-01   1.4992654e+00  -1.6817142e+00
   1.9721648e+00   1.3542178e+00   4.1872875e+00  -4.1425035e-01  -6.0201668e-01  -3.1947838e+00   6.6715138e-01   4.5417379e-01  -2.5059454e+00   2.2274326e-01   1.0357062e+00  -1.2235486e+00
   2.5958389e+00   1.8475349e+00   1.5559511e+00  -6.4896430e-03   8.5218517e-01  -1.0989230e+00   8.2743134e-01  -6.2698257e-01  -1.3460630e+00  -1.2671344e+00   5.9985424e-01  -1.5393882e+00
   2.5841790e+00   3.0945379e+00   1.2843288e+00   6.8689824e-01  -2.0298481e-01  -1.2371071e+00   1.2290114e-02  -4.9684513e-01  -1.1738674e+00  -8.5304613e-01   6.5661652e-01  -8.7578684e-01
  -4.5120644e+00   1.7261153e+00  -1.2651957e-01   5.3773504e-01   6.5797450e-01  -2.7513488e+00   2.2343446e-03  -1.3835892e+00  -7.6154574e-01  -1.7754842e+00   1.6306623e+00  -1.3037848e+00
   4.7382573e-01   6.7508108e-01   1.3175362e+00  -3.4571898e-01   2.5478798e+00  -1.3282719e+00   9.0087053e-01  -1.5195153e-01  -2.2241844e+00  -6.9975076e-02   8.7775816e-01  -5.0991509e-01
   1.1561860e+00   3.4474015e-01   2.6231873e+00   9.1516836e-01   1.8179303e+00  -1.0313840e+00  -5.1850965e-01  -1.1930773e+00  -3.1641382e+00   9.9349747e-02   2.7706015e-01  -1.0806461e+00
   1.9157394e+00  -4.4438159e-01   3.4297491e+00  -4.3697120e-01   2.4656586e+00  -7.6515556e-01   6.1263016e-01  -1.7167790e+00  -2.9530804e+00  -3.3067428e-01   1.0815671e+00  -1.2315846e+00
   1.7287985e+00  -6.7942972e-01   2.9168224e+00  -3.3785416e-01   2.7581158e+00  -7.7529523e-01   2.1351590e-01  -1.0649764e+00  -2.1432527e+00   7.6330162e-02   4.2047124e-01  -1.0070679e+00
   7.9632703e-01  -6.9643955e-01   2.9360060e+00  -4.7903822e-01   2.6575191e+00  -1.9433452e-01   1.6293273e-01  -5.4265247e-01  -2.5741651e+00  -3.5456489e-02   1.1071372e+00  -9.9326349e-01
  -1.9073067e+00  -9.5571630e-02   1.4947195e+00  -2.7192457e-02   3.1877977e+00  -2.5497574e-01   1.5323576e-02  -6.8187587e-01  -9.1515940e-01  -2.3483844e-01   1.4344082e+00  -9.5589923e-01
  -6.0905383e+00   6.2687290e-03   1.8044146e+00  -1.9668163e-02   3.1106777e+00  -3.9698294e-01   5.2936024e-01  -1.1409927e-01  -1.1200375e+00  -1.0479201e+00   9.6974089e-01  -4.8645313e-01
  -6.9786358e+00  -7.9917271e-01   1.1120048e+00   5.9521086e-01   2.7400029e+00  -9.8113246e-01   5.3671016e-01  -1.7218020e-01  -8.1449140e-01  -1.0665061e+00   9.3180487e-01  -6.7133197e-01
  -6.5778536e+00  -5.1235817e-01   9.2926124e-01   5.5881273e-01   2.2687618e+00  -6.1788063e-01   9.6907367e-01  -3.2113281e-01  -8.3948610e-01  -6.7492785e-01   1.1659092e+00  -7.7001824e-01
  -6.9013047e+00  -1.0158064e+00   1.2819520e+00  -1.0596396e-01   1.7937587e+00  -7.3482720e-01   1.8464460e-01  -1.1532641e+00  -6.4432716e-01  -8.0214799e-01   8.5680843e-01  -7.3700289e-01
  -6.7795551e+00  -1.3155237e+00   1.4524110e+00  -9.1710630e-01   2.0944534e+00  -7.1627700e-01   9.8428014e-01   1.0616983e-01   2.5653532e-01  -8.0186664e-01   1.1836518e+00  -2.8214907e-01
  -6.5152097e+00  -1.0986149e+00   1.1576620e+00  -5.6598962e-01   2.5444826e+00  -6.2121085e-01   4.9216963e-01  -2.1211844e-01  -6.0253967e-01  -9.3562075e-01   9.5192489e-01  -9.0373027e-01
  -6.5553723e+00  -1.1717813e+00   1.2747874e-01  -6.8422342e-01   2.1817492e+00  -7.6398677e-01   9.2208474e-01  -1.8857554e-01  -7.4841456e-01  -5.2482131e-01   1.7522440e+00  -4.7406933e-01
  -6.4623317e+00  -9.2802703e-01   4.6272227e-01  -1.0586284e+00   2.3783920e+00  -1.1796525e+00   3.6795933e-01  -1.6076840e-01  -1.3623411e-01  -9.0704704e-01   7.9394141e-01  -8.4474371e-01
  -1.7313344e+00  -9.4996164e-01   3.3017922e-01  -2.2061787e+00   1.2539655e+00  -1.0425821e+00   6.0157970e-01   1.0268714e+00  -2.4565069e-01  -6.5670186e-01   1.0674638e+00  -1.3070365e+00
  -2.5598815e-01  -6.5192305e-02   3.0216780e-02  -1.7764511e+00   8.4885351e-01  -1.4553757e-01   2.5648699e-01   5.0175232e-01  -6.4716855e-01  -1.3279870e+00   9.1288381e-01  -8.4892174e-01
  -6.4481481e-01  -1.9111843e-01  -1.9506787e-01  -1.5050770e+00   9.9248649e-01  -1.2680152e+00   1.7932857e-02  -5.0365937e-01  -1.1916322e+00  -6.8326073e-01   4.3894001e-01  -5.4722202e-01
  -6.7572645e-01  -5.3691612e-01  -1.5066845e-01  -1.7461996e+00   1.8789236e+00  -1.3359539e+00  -4.8452157e-01  -4.2352487e-01  -1.3565566e+00  -1.7831111e-01   8.9450846e-01  -8.4254053e-01
  -1.1096940e+00   3.9087288e-02   2.2963442e-01  -1.8253778e+00   1.1122780e+00  -1.2938460e+00  -4.4869848e-02   8.1310263e-02  -7.9364663e-01  -2.7113493e-01   6.2129770e-01  -9.6327030e-01
  -2.2767438e+00   1.4212751e-01  -2.1258083e-02  -1.6213216e+00   1.6693984e+00  -1.2190271e+00   8.0231593e-01   7.3742856e-02  -1.2064887e+00  -1.3255520e-01   9.5067809e-01  -6.2927416e-01
  -2.4387854e+00   4.9211839e-01   5.0099055e-01  -1.2282617e+00   1.7637169e+00  -1.9910668e+00   5.8838717e-02   7.8180148e-02  -1.2286322e+00   1.5537278e-03   1.0026963e+00  -5.6424102e-01
  -4.3246511e+00   6.3940832e-01  -1.8827582e-01  -1.3885325e+00   1.2483243e+00  -2.1200960e+00   3.5148001e-01   4.9960093e-01  -7.8447453e-01  -4.8826833e-01   1.4356252e+00  -6.0076989e-01
  -3.8652334e+00   6.6156868e-01   4.7668440e-01  -9.7911179e-01   1.5898994e+00  -1.9038534e+00   8.4596372e-01   1.1501703e+00  -2.6474288e-01  -3.7785319e-02   1.3240468e+00  -1.3309299e+00
  -4.6147320e+00   4.3251869e-01  -1.2432139e-01  -1.3360361e+00   1.6716188e+00  -1.8037541e+00   3.8381386e-01  -1.7281371e-04  -9.2170560e-01  -6.3099361e-01   6.8005732e-01  -1.1621240e+00
  -4.9370575e+00   1.3824289e+00   1.2144180e-01  -7.9909031e-01   1.2109826e+00  -2.0951118e+00   6.5423996e-01   2.7192912e-01  -1.4821374e+00  -6.1315575e-01   7.5771208e-01  -7.6602632e-01
  -4.6237760e+00   1.4218953e+00   5.0307048e-01  -6.3899658e-01   1.0671592e+00  -1.9217162e+00   5.9524020e-01   9.6205125e-01  -7.4049025e-01   2.1717089e-01   1.2783014e+00  -8.4248347e-01
  -5.5778635e+00   6.5710767e-01   4.3763154e-01  -6.1754641e-01   1.3346582e+00  -1.6309464e+00   7.9112838e-02   4.5755741e-01  -9.1602354e-01  -1.8709903e-01   5.2850321e-01  -1.5783211e+00
  -5.1882989e+00   1.0930328e+00   6.5226474e-01  -7.2987298e-01   1.3066135e+00  -1.4019609e+00   6.6936288e-01   1.0764669e+00  -7.7894148e-01   1.7752987e-02   9.6343230e-01  -6.9005851e-01
  -5.4614388e+00   7.7856218e-01  -2.1710195e-01  -6.7292404e-01   8.0018716e-01  -1.9304633e+00   6.8127708e-01   8.4603215e-01  -9.4807958e-01   2.4149194e-01   9.6387582e-01  -8.1097756e-01
  -4.1465809e+00   1.0558312e+00   2.2290376e-01  -1.1181948e+00   1.8762163e+00  -1.7740371e+00   6.9616833e-01   4.4209288e-02  -1.1863108e+00  -5.5193922e-01   4.9632877e-01  -1.3079352e+00
  -1.5303043e+00   1.6913975e-01  -5.9708885e-01  -1.8484264e+00   3.1801422e-01  -1.6648871e+00   5.9802947e-01   4.8271060e-01  -8.0501436e-01  -4.4134236e-03   4.3753713e-01  -6.9571988e-01
   1.4789547e-01   9.1518592e-01  -9.0153573e-01  -3.9117522e-01   3.1713599e-02  -5.1208985e-01   1.2488617e+00   2.1984866e-01  -7.4643241e-01  -2.8115495e-01   1.1969037e+00  -2.3604084e-01
  -8.4472226e+00  -1.4750078e+00   1.5906126e+00  -8.0171874e-01   1.7343627e+00  -1.1449459e+00   8.2245020e-01  -6.0142019e-01  -5.0306527e-01  -1.2486343e+00   3.2038535e-01  -1.0017164e+00
  -4.2141147e+00  -1.8577172e+00   1.4207069e+00  -8.3397789e-01   1.1864910e+00  -6.6760999e-01   9.4279553e-01  -5.4300264e-01   7.3338006e-02  -1.3637812e+00   4.9309458e-01  -5.6703354e-01
  -2.2387639e+00  -1.2654162e+00   7.5538805e-01  -1.4889708e+00   7.9109134e-01  -7.3821697e-01  -5.9488643e-01  -9.6836404e-01  -9.7036884e-01  -1.3788886e+00   3.4707436e-01  -5.5923882e-01
  -8.5002345e-01  -1.2226142e-01   8.2182250e-01  -1.3800353e+00   1.3574082e+00   7.9354913e-03  -4.4623964e-01  -2.5267491e-01  -2.5400752e-01  -1.1843006e+00   3.2895829e-01  -7.3549065e-01
  -7.2671580e-01  -1.8114290e-01   9.1889011e-01  -1.2189375e+00   5.3368007e-01  -8.8717817e-02  -5.1589490e-01  -5.6784510e-01  -5.0705243e-01  -1.3521980e+00  -2.3585656e-01  -1.6395063e+00
  -1.4005923e+00   4.1212725e-01   6.9663732e-01  -1.1392560e+00   1.1847074e+00  -3.0965445e-01  -6.5988506e-02   1.8414522e-01  -1.9137934e-01  -9.0257644e-01   3.0888981e-01  -4.1765702e-01
  -2.6707679e+00  -8.9684016e-03   3.3626698e-01  -1.6537522e+00   4.2699718e-01  -1.5213764e+00  -2.3592091e-01  -3.7561198e-01  -5.6517572e-01  -2.9848995e-01   1.3184456e+00  -1.7206749e-01
  -2.2902831e+00   1.3639454e-01   5.6851497e-01  -1.1848102e+00   9.3635620e-01  -1.9032937e+00  -8.0556654e-03   6.0873018e-02  -8.0003541e-01  -5.1788384e-01   6.2664200e-01  -9.5152537e-01
  -3.5088982e+00  -3.0221946e-01  -5.2439090e-02  -1.4378268e+00   1.0280616e+00  -1.2702280e+00   8.7854873e-01   6.2744432e-01  -8.4564429e-01  -8.8278848e-01   4.0194177e-01  -6.8112273e-01
  -3.2178260e+00   5.1201298e-01   3.3768206e-01  -1.0902374e+00   1.2973329e+00  -1.4305396e+00   4.0123241e-01   1.2766798e-01  -6.7852147e-01  -4.2684392e-01   4.9515796e-01  -7.7939882e-01
  -3.7334888e+00   5.0082350e-01   9.1039050e-02  -1.0633040e+00   1.0521149e+00  -1.9669038e+00   7.1740319e-01   3.3879314e-01  -2.4335663e-01   1.0649451e-02   1.0391216e+00  -4.4179418e-01
  -3.6493226e+00   9.0344209e-01   2.6545610e-01  -1.4736341e+00   1.1695731e+00  -2.0506914e+00   3.8449889e-01   7.0949940e-01  -5.7730633e-01  -1.6168953e-01   1.0276897e+00  -1.0583123e+00
  -4.7140335e+00   3.5569392e-01  -2.6337706e-01  -1.0936092e+00   1.5822414e+00  -2.0573685e+00   9.6078317e-02   2.5406751e-01  -1.4000042e+00  -1.1048737e+00   4.6931007e-01  -1.5923472e+00
  -4.7698244e+00   1.0884692e+00  -2.1267355e-01  -6.4618447e-01   1.4975893e+00  -1.3055146e+00   3.9485493e-01   5.9060996e-01  -1.0291223e+00  -2.5259223e-01   2.8065479e-01  -1.2741885e+00
  -5.0791704e+00   3.6439585e-01  -3.0529130e-02  -7.7467288e-01   1.4213535e+00  -1.5479244e+00   7.8600783e-01   5.3933719e-01  -1.4478071e+00  -7.0442678e-01   8.8022021e-01  -2.0395405e+00
  -5.8475278e+00  -1.8618788e-01  -3.9552331e-01  -1.4424212e+00   5.3380576e-01  -1.9463505e+00   1.3859011e-01   7.6483589e-01  -7.0101078e-01  -1.0052675e-01   1.3922834e+00  -2.4503319e-01
  -5.6361378e+00   4.8016029e-01  -8.0774907e-03  -1.1206082e+00   7.3445012e-01  -1.4342202e+00   5.6572224e-01   4.0426069e-01  -1.0939215e+00  -1.8870627e-01   8.2364172e-01  -1.2876148e+00
  -4.9125809e+00   5.8893676e-01  -4.3534944e-02  -6.9370797e-01   5.9953974e-01  -1.5355340e+00   8.7290160e-01   1.0721391e+00  -1.2150146e-01   1.3157863e-01   9.5027990e-01  -1.2930360e+00
  -4.0282756e+00   4.0049939e-01   2.8005143e-01  -9.3969936e-01   7.3653509e-01  -1.0992611e+00   8.7377584e-01   6.5330260e-01  -1.0588190e+00  -7.9013074e-01   4.6013925e-01  -9.3609488e-01
  -2.4749271e+00   5.6721394e-01  -1.5336931e-01  -1.0988607e+00   5.4878799e-01  -1.4536555e+00   2.7482794e-01   3.7268319e-01  -8.2212824e-01  -5.9892643e-01   3.7779177e-01  -1.0269675e+00
  -3.8783998e+00   1.9467503e+00   6.8381072e-02  -4.6278120e-01  -2.5210906e-02  -1.6859004e-01  -8.0539671e-01   1.7771541e-01  -8.1044779e-01  -8.4394484e-01   4.7349415e-01  -5.0512986e-02
  -3.7671191e+00   1.5423547e+00  -8.6939009e-01  -3.1159564e-01   6.8117240e-01  -2.7170048e-01  -5.9017014e-01   7.0562974e-01  -8.6812317e-01  -8.6627227e-01   2.4896260e-01  -7.9555956e-01
  -2.2020024e+00   1.3448527e+00  -3.3288360e-01  -1.0521047e-01   6.7007268e-01  -1.0150627e+00   4.3904372e-02   9.3471980e-01  -5.1622121e-01  -1.2714517e+00   1.4978482e-01  -8.4890200e-01
