  -3.3074867e-01  -1.4132576e-01  -9.5938639e-01  -6.3624732e-01   3.4698248e-01  -4.1730599e-01   1.3032944e+00   3.3737059e-01   6.4750657e-02  -7.2460975e-02   1.3687709e+00   3.1750666e-03
  -1.0619823e-01   6.9255542e-01  -7.7641522e-01  -1.0295954e-01   2.3221158e-01  -1.2276531e+00   4.2076562e-01  -5.7213341e-02  -7.6356074e-02  -1.8406235e-01   8.2624804e-01  -6.7523998e-01
  -3.1192591e-04   7.6556952e-01  -7.6373897e-01  -5.1150527e-02   3.9237848e-01  -6.2733190e-01   6.4337949e-01   8.9521356e-02  -1.0360464e+00  -8.7425089e-01   8.6823302e-01   4.2687040e-01
  -5.9081196e-01  -4.4475149e-01  -1.0112913e+00  -7.7886663e-02  -4.7441076e-01  -1.2947565e+00   3.2148575e-01  -8.4864098e-01  -8.4545812e-01  -5.0325270e-01   9.9849960e-01  -8.2714906e-01
   2.1232014e-02   9.1801340e-01  -8.2360617e-01  -3.7256721e-01   5.4005893e-03  -6.4611308e-01   9.7365689e-01  -4.4164019e-04  -4.2596315e-01  -7.0175187e-01   2.7734185e-01  -6.1759108e-01
  -5.5303591e-01   4.5974341e-01  -1.2475282e+00  -5.4570225e-01   7.7608526e-02  -7.4490647e-01   8.2728964e-01  -1.3303248e-02  -5.7032136e-01  -1.9501488e-01   1.1850396e+00  -1.3142526e-01
  -1.1774296e-01   9.9259296e-01  -6.2806710e-01   3.9219831e-01   5.0407556e-01  -5.7539879e-01   4.9449817e-01   1.4510111e-01   5.5342402e-02  -4.0206208e-01   7.0775344e-01  -4.4688199e-03
  -1.0146614e+01   1.1353243e-01   1.1700337e-01  -3.8503356e-02  -1.2655786e+00  -7.6991196e-01   1.2311227e+00  -2.9206368e-01   2.9694495e-01   9.6492666e-02   9.2490902e-01  -7.8608225e-01
  -7.9578588e+00   1.3551950e+00   1.7936982e+00  -2.4160533e+00   1.0948936e+00  -1.5192055e+00   2.0538921e+00  -1.1352038e+00   1.8811770e-01   4.0144338e-01   2.0913356e-01   6.2486956e-01
  -2.1844234e+00   1.1862827e+00  -2.7456385e-02  -9.0163638e-01  -3.8684612e-01  -2.6709841e-01   1.8483118e-01  -9.4594895e-02  -1.2216724e-01  -3.3471117e-01   2.6240003e-01  -4.0849444e-01
  -4.9696894e+00   1.1526906e+00  -5.0003840e-01  -3.7226989e-01  -5.1410217e-01  -9.6514246e-01   1.6707393e+00  -6.3115365e-01  -3.2169761e-01  -6.2849890e-01   9.9137575e-01   4.7235312e-03
  -5.1953486e+00   3.0398432e+00  -1.2959520e+00   9.2062065e-01   4.9304791e-01  -5.7092953e-01   1.0792943e+00   7.7330459e-01  -4.5073516e-01  -8.6571130e-01   7.4692339e-01  -4.4977749e-01
  -3.2713613e+00   9.5528376e-01  -2.9245267e-01  -1.0643454e+00   5.9367960e-01  -1.1136544e+00   6.6048916e-01  -4.7196085e-01  -2.0956364e-01  -5.5848498e-02   8.8530377e-01  -7.9873199e-01
  -9.5307503e-01  -5.6465783e-01  -5.4683422e-01  -3.2564732e-01   2.5893531e-01  -3.8763476e-01   5.2006130e-01   2.2810892e-01  -1.8872632e-01  -8.0172683e-01   7.4661726e-01  -1.9793569e-01
  -1.1999376e+00  -3.8960381e-01   4.1931927e-01   5.2119451e-02   3.8458869e-01  -1.2128179e-01   8.2998837e-01  -3.5262498e-02  -5.9530262e-01  -5.2558223e-01   7.5682501e-01  -2.4481448e-01
  -9.5969169e-01   7.2362092e-01  -1.8472790e-01   1.0211744e-01   1.2466643e+00  -9.7771988e-02   4.0465591e-01   3.9072100e-01  -4.5376623e-01  -4.3177368e-01   8.0440704e-01  -7.6241989e-01
  -5.8369480e-01   9.6154779e-01  -1.5947970e-01  -1.2944154e-01   8.0414545e-01  -1.4719505e-01   7.1791421e-01  -4.8098790e-02  -9.5150777e-01  -7.0177059e-01   3.9543605e-01  -1.0704687e+00
  -2.0564726e-01   9.1315904e-01   3.5245165e-01   2.9582986e-01   6.9600337e-01  -4.1631192e-01   1.2230273e-01   3.2908243e-02  -9.6627535e-02  -3.0268165e-01   9.5200101e-01  -6.3376780e-01
   5.5960090e-01   7.2536889e-01   2.0724618e+00  -3.5641703e+00  -1.2915208e+00  -3.1342337e+00  -2.3393464e-01   5.6286429e-01  -1.0088573e+00   3.2702809e-01   1.4261908e+00  -1.0265215e+00
   1.5879077e+00   2.5655025e+00   4.0059482e+00  -2.1589705e+00  -9.5408065e-01  -3.0560363e+00  -1.0525511e-02  -2.3959297e-01  -6.5563042e-01  -2.0189162e-01   1.5463185e+00  -1.1204189e+00
   1.2308421e+00   7.7564676e-01   4.6682025e+00   4.4446021e-01  -1.1820329e+00  -3.0881585e+00  -7.0304292e-01   2.8624942e-01  -1.1930564e+00   5.1861115e-01   5.8784725e-01  -1.2087868e+00
   1.9092770e+00   2.4430375e+00   4.0795683e+00  -2.7360956e-01  -1.7116730e+00  -2.5727636e+00  -4.3348332e-01  -1.3648924e-01  -5.5620655e-01  -5.2069857e-01   1.5241336e+00  -1.1544934e+00
   2.8331270e+00   2.8000809e+00   2.7092846e+00  -6.2895758e-01  -9.7509542e-01  -2.3294561e+00  -2.1161803e-01  -1.2849918e-01  -9.8530765e-01  -1.3668089e-01   9.9239653e-01  -1.3197286e+00
   2.5874577e+00   2.3060125e+00   2.2981904e+00   7.0140757e-01  -1.5905189e-01  -2.4654987e+00  -3.3993480e-01   4.6439832e-01  -5.1165749e-01  -6.7871885e-01  -6.6291801e-01  -8.6167939e-01
   1.6437915e+00   2.1724088e+00   1.2237629e+00  -4.9698827e-01  -3.6345242e-01  -1.4993384e+00  -4.4710009e-01  -1.8773359e-01  -3.7029673e-01  -1.0547671e+00   4.9516026e-01  -9.5589434e-01
   7.9046931e-02  -1.1347457e+00   4.2318077e-01   6.4752163e-01   4.3790779e+00  -4.4810976e+00  -5.3506557e-01   1.4809485e-01  -1.1751613e+00  -1.6683707e+00  -1.6363823e-01  -1.2669277e+00
  -1.6835824e+00  -1.0945162e+00   7.9022423e-01  -1.2970350e+00   7.1469782e-01  -2.8270105e+00   6.4810171e-01   4.3705660e-01  -1.4010922e+00  -1.0917137e+00   2.1176810e-01  -6.1613128e-01
   1.8074671e+00   1.3347351e+00   3.6381933e+00   4.2793391e-01  -7.4213376e-02  -4.3171000e+00   2.0241492e-01   4.6914554e-01  -2.0246351e+00   3.0788338e-01  -2.9096406e-01  -1.8739623e+00
   2.0448089e+00   2.0038240e+00   3.5665575e+00  -5.5109981e-01   3.4027938e-03  -3.9506136e+00   3.9840360e-01   5.1309993e-01  -1.8093413e+00  -4.6693128e-01   1.6110506e+00  -1.3343439e+00
   2.5658048e+00   3.3693382e+00   2.6173004e+00  -2.6952835e-01   1.9244537e-01  -2.2897142e+00  -4.2503867e-01  -3.6456870e-01  -1.6613071e+00  -3.6759966e-01   1.1106978e+00  -1.2400640e+00
   2.1676496e+00   1.5140329e+00   2.8215978e+00  -1.3208246e-02   1.9615159e+00  -1.4746111e+00  -5.8200159e-01  -8.0917092e-01  -1.2648153e+00   3.8258329e-01   1.2428317e+00  -1.9327620e+00
   3.2844563e+00   1.7557314e+00   2.5927059e+00  -1.1932829e+00   2.2275852e+00  -1.6909536e+00  -2.0706810e-01  -7.3660483e-01  -1.2829977e+00   1.6984489e-01   9.5477751e-01  -2.4025419e+00
   2.6353636e+00   3.3313745e+00   2.5800538e+00  -1.7078009e+00   9.5623016e-01  -2.1622591e+00  -4.7651210e-01  -1.4616649e+00  -8.3615444e-01   5.8454734e-01   1.2880469e+00  -1.8218268e+00
   1.8650710e+00   2.5276748e+00   3.7009279e+00  -1.4816244e+00   6.0634197e-01  -2.5447979e+00   7.5963304e-02  -1.3436401e+00  -1.1710669e+00   9.5120413e-01   1.8753865e+00  -1.4739963e+00
   1.7284355e+00   1.9582587e+00   4.1249674e+00  -9.3491456e-01  -6.1832718e-01  -3.4778788e+00   9.6507070e-01   3.8894833e-01  -1.5511406e+00  -3.8353920e-01   8.7815883e-01  -1.3880294e+00
   2.5142354e+00   2.3673495e+00   1.2779905e+00   9.4705828e-01   4.7153732e-01  -1.7040007e+00  -2.5983934e-01  -1.1148273e-01  -1.3212549e+00  -4.5024083e-01   9.9176619e-01  -1.6581933e-01
   2.4702770e+00   1.8732883e+00   2.7171334e-01  -5.1825488e-01   6.9389942e-01  -9.5108614e-01   7.5154435e-01  -8.7489002e-01  -1.2561767e+00  -1.5836741e+00   9.9315832e-01  -1.0315105e+00
   3.2148745e-01  -3.2658352e+00   1.2187201e+00   7.1642936e-01   1.9087428e+00  -3.5341474e+00   8.1486607e-01  -2.9147115e-01  -1.1712400e+00  -1.2542097e+00   8.4733524e-01  -9.5088950e-01
  -6.2373202e-01  -1.0898395e+00   1.7778697e+00  -6.5274698e-01   1.3239104e+00  -2.2664048e+00   9.6963825e-01  -8.6110739e-02  -2.1343180e+00  -5.3654729e-01   6.8258676e-01  -3.7589974e-01
   2.5751567e+00  -8.0398817e-01   2.7773750e+00   1.1714673e-01   2.7872247e+00  -1.3044897e+00   1.5920727e-01  -2.0695354e+00  -2.9026028e+00  -3.0180622e-01   5.4903056e-01  -6.6601496e-01
   1.8762302e+00  -6.7690762e-01   3.2603081e+00  -3.7201079e-01   3.3635087e+00  -1.0825611e+00   1.0746106e+00  -1.9418597e+00  -2.7946321e+00  -4.7394921e-01   2.8892012e-01  -8.9109446e-01
   1.0615324e+00  -8.6797873e-01   2.8558989e+00   6.9632117e-01   2.3507002e+00  -1.1806916e+00   7.9341833e-01  -1.7566263e+00  -3.0381023e+00   2.3340327e-01   8.1864287e-01   4.9016614e-03
   7.8103009e-01   1.8080117e-01   2.8510583e+00  -2.5945806e-01   2.6872078e+00  -4.5925001e-01  -1.0966089e-01  -1.2467631e+00  -2.6451807e+00   1.4530958e-02   3.7627121e-01  -7.7625698e-01
   5.1598055e-01   5.2884721e-01   2.0727946e+00  -1.3833214e+00   2.0612738e+00  -8.9675015e-01   6.0120770e-01  -3.2304515e-01  -8.5719156e-01  -6.4078939e-02   1.2038113e+00  -1.1794018e+00
  -5.1414841e+00  -6.0767668e-01   1.2132596e+00   1.8283021e-01   2.7904804e+00  -4.4526613e-01   8.3329474e-01  -2.6368024e-01  -3.7193897e-01  -4.9720797e-01   1.6383428e+00  -1.0060036e+00
  -7.0856242e+00  -7.0351297e-01   1.8345017e+00   6.0241085e-01   3.2137825e+00  -6.2942406e-01   8.6905172e-01  -6.1382894e-01  -3.6091442e-01  -1.3082466e+00   1.1483846e+00  -7.0858539e-01
  -7.5824181e+00  -3.7412226e-01   1.6730301e+00  -4.2926116e-01   1.9867997e+00  -1.1358225e+00   6.1772721e-01  -3.7243635e-01   6.5273247e-02  -1.2238689e+00   1.0949422e+00  -1.1716270e-01
  -7.3367199e+00  -3.4732948e-01   2.0260122e+00  -7.6125566e-01   1.8750517e+00  -1.4215169e+00   1.8110903e-02  -1.1139555e+00  -3.9628978e-01  -1.2295089e+00   1.0120861e+00  -6.1669073e-01
  -7.9780796e+00  -1.3792545e+00   1.1008845e+00  -5.4842282e-01   2.2507791e+00  -1.8427249e-01   6.7194638e-01  -6.0724393e-01  -8.1869581e-01  -1.2851001e+00   1.3231363e+00  -7.9761555e-01
  -7.4219997e+00  -1.9792304e+00   5.3669541e-01  -1.1995475e+00   1.6310017e+00  -8.0388165e-01   2.3420055e-01  -6.3803837e-01  -7.2880627e-01  -1.3533745e+00   1.0647839e+00  -8.8846927e-01
  -7.6541726e+00  -1.1193139e+00   5.8072272e-01  -1.0336768e+00   1.3798961e+00  -9.6612213e-01   7.0475330e-01  -6.6245663e-01  -1.1994761e-01  -1.1994349e+00   9.6709030e-01  -9.7889530e-01
  -4.2074854e+00  -9.0702241e-01   1.0947418e+00  -6.0296864e-01   1.1458115e+00  -1.3271144e+00   1.4344664e-01   1.5796811e-01   2.5652867e-01  -7.7100610e-01   1.3205574e+00  -5.8220984e-01
  -1.8804067e+00  -9.2500148e-01   7.7947893e-01  -1.7898356e+00   1.2962859e+00  -2.0085135e-01   3.6397607e-01   3.9423489e-01  -4.7409640e-01  -5.9290792e-01   1.1126794e+00  -1.0597376e+00
  -2.0498532e+00  -2.1003055e-01   7.9634651e-01  -1.7867898e+00   1.6501672e+00  -1.4986155e+00  -3.1900033e-01   2.0039978e-01  -7.9317018e-01  -8.2795095e-01   6.1690866e-01  -1.2466937e+00
  -2.5896607e+00  -5.8015965e-01   1.1052939e-01  -1.7734074e+00   1.3241248e+00  -1.7899389e+00  -1.3950376e-01   3.6975956e-01  -1.4864109e+00  -9.3405705e-01   3.6183633e-01  -7.3067180e-01
  -3.3527255e+00  -3.6502629e-01   5.0682391e-01  -1.8672025e+00   1.4138134e+00  -1.8028359e+00   2.1060237e-01  -2.0892758e-01  -1.3528463e+00  -1.3629530e+00   4.3824223e-01  -8.2755798e-01
  -3.0585531e+00   1.6962927e-01   2.9496230e-01  -1.5964268e+00   1.3044887e+00  -1.8749574e+00   4.1434034e-01   5.5348893e-01  -1.1113964e+00  -7.9510293e-01   5.4792135e-01  -6.7095233e-01
  -2.5115119e+00   9.0812006e-01   4.3070586e-01  -1.2508276e+00   1.5817373e+00  -1.6646013e+00   4.0858711e-01   4.2076636e-01  -1.0277006e+00  -3.3502804e-01   1.0144965e+00  -7.2523086e-01
  -3.0250732e+00  -5.0295318e-01  -2.0420829e-01  -1.4935856e+00   1.6033037e+00  -1.3617817e+00   1.0009211e+00   2.7082837e-01  -1.0701204e+00  -4.3675585e-01   4.8324033e-01  -1.0803540e+00
  -1.9842768e+00   3.4755321e-01   9.8924226e-01  -1.0184554e+00   1.9988744e+00  -1.8301227e+00   2.7994246e-01   2.8131603e-01  -8.4492333e-01  -4.2088553e-01   6.1546331e-01  -9.3548546e-01
  -1.6836342e+00   5.2083769e-01   4.9820144e-01  -1.0051135e+00   1.5652246e+00  -1.9672683e+00   3.5173740e-01  -1.2356868e-01  -1.8191101e+00  -7.9083122e-01   9.5937286e-01  -2.8331922e-01
  -2.3400871e+00  -5.3465155e-01  -6.6126661e-01  -2.4355196e+00   1.2045301e+00  -2.0159387e+00   7.4579152e-01   6.1965904e-01  -9.7224483e-01  -3.8606535e-02   7.6004564e-01  -4.3555573e-01
  -9.3982738e-01  -4.9183240e-01  -4.1670847e-01  -7.4148091e-01   5.2022459e-01  -9.3422292e-01   4.9805061e-01  -1.4577206e-01  -9.3331167e-01  -4.3814619e-01   1.0681372e+00  -2.0945245e-01
   6.7685098e-02   1.5614277e+00  -3.5943125e-01  -5.7030912e-02   7.7397974e-01  -3.1596616e-01   4.9807629e-01  -4.8518764e-01  -6.2948899e-01  -8.0296942e-01   4.2943366e-01  -1.0539737e+00
  -5.3122861e-01   8.4278274e-01  -3.8446237e-01   1.2627653e-01   7.9503814e-01  -9.2797002e-01   8.5844301e-01  -3.7387498e-02  -5.6459802e-01  -9.9642729e-01   3.5643741e-01  -1.0566981e+00
  -6.7986932e-02   4.5454591e-01  -9.0052072e-01  -4.6716328e-01   2.2733846e-01  -8.0501333e-01   6.2081047e-01  -3.4912882e-01  -7.3251927e-01  -8.8575408e-01   5.6013976e-01  -7.3094379e-01
  -5.9000375e-01   2.7761802e-01  -8.0396754e-01  -1.1667174e-01   1.0155922e-01  -1.2010822e+00   4.6170344e-01  -9.9250172e-02  -2.1628114e-01  -8.3643827e-01   1.0260148e+00  -4.2262503e-01
  -8.9502598e-01  -9.8496390e-01  -1.1278173e+00  -1.7112879e+00   1.4738440e+00  -1.8680828e+00   9.8498789e-01   1.0558794e+00   9.5378684e-02  -1.2544436e-01   7.0991405e-01  -8.4210906e-01
  -1.3978437e-01   6.3300154e-01  -1.0219463e+00  -4.1203843e-01   4.5092107e-01  -5.7374052e-01   6.3830043e-01   5.5860860e-02  -1.6824488e-01  -3.1299342e-01   9.0985073e-01  -7.3996311e-01
   1.9472911e-01   1.2749278e-01  -9.3495484e-01  -1.8028959e-01   2.2469741e-01  -1.0792274e+00   6.1641189e-01   3.6668959e-02   1.7881464e-01  -3.6895073e-01   9.5891693e-01  -8.2237747e-01
   3.9832396e-01  -4.2103265e-01  -8.7166214e-01   4.7658006e-01   5.2422541e-01  -8.5114704e-01   5.5179072e-01   1.9523964e-01   2.1546032e-01  -6.1056960e-02   1.2822362e+00  -4.2075354e-01
   4.3507579e-01  -6.2644514e-01  -4.3282815e-01   5.4074162e-01   1.7901648e-01  -1.2966100e+00   8.3962726e-01   2.9312455e-01  -2.9198208e-02  -3.0914176e-01   9.8177916e-01  -5.9189349e-01
  -1.5387322e-02  -2.7458839e-01  -2.3857671e-01   8.9607220e-01   1.7975368e+00  -5.3359117e-01   6.0204984e-01   1.3527908e-01  -3.8564289e-01  -7.2433698e-01   7.4512676e-01  -5.1450598e-01
  -5.7821869e-01  -1.8483943e+00  -2.0271114e+00  -1.9239882e-01   4.1019828e-01  -1.0494716e+00   6.9763137e-02  -1.3892315e-01  -6.1961233e-01  -3.5146905e-01   7.1164934e-01  -4.5525113e-01
   7.9061466e-01  -1.3096170e+00  -7.3413452e-01   5.7635187e-01   9.1522605e-01  -7.1718717e-01   7.3874689e-01   4.0495263e-01   1.2776791e-01  -5.5140134e-01   2.0652888e-01  -9.1639847e-01
  -9.1483195e-01  -1.3839499e+00  -8.7417168e-01   8.8915768e-01   7.4834404e-01  -1.0499625e+00   6.3071613e-02   2.1559406e-01  -2.6885118e-01  -4.7224526e-01   5.9736486e-01  -9.9046370e-01
   1.0636146e-02  -7.5629051e-01  -4.7322219e-01   4.4749422e-01   8.0377590e-01  -7.6625052e-01   7.6674935e-01   6.9571321e-01  -2.3387731e-01  -5.4846613e-01   5.5222323e-01  -4.5940536e-01
   1.4325259e-02  -1.5234219e-01  -1.0074373e+00   9.5848959e-02   4.9055279e-01  -8.1737241e-01   7.2327581e-01   4.8140544e-01  -1.8291684e-01  -6.9250736e-01   8.2210678e-01  -4.8454845e-01
   5.3447599e-01  -5.7042259e-01  -1.4010663e+00   2.9817469e-01   9.5181449e-01  -4.3886134e-01   6.3536862e-01   4.7784097e-01  -6.2260758e-01  -8.7176020e-01   4.4029409e-01  -7.7730084e-01
  -5.4426005e-01  -1.6928549e+00  -1.1129299e+00   1.1369207e+00   7.7746970e-01  -1.3696008e+00   4.0521504e-01   2.7993148e-01  -5.8568947e-01  -1.0088928e+00  -8.7722788e-02  -9.6607489e-01
  -1.7245098e+00   1.5918318e+00  -6.7245399e-01   3.4947920e-01   1.3450522e+00  -2.6559488e-01  -4.0648632e-01   6.2546281e-01  -7.3283320e-01  -8.2489659e-01   4.9983133e-01  -7.0381857e-01
  -3.8783998e+00   1.9467503e+00   6.8381072e-02  -4.6278120e-01  -2.5210906e-02  -1.6859004e-01  -8.0539671e-01   1.7771541e-01  -8.1044779e-01  -8.4394484e-01   4.7349415e-01  -5.0512986e-02
  -3.7671191e+00   1.5423547e+00  -8.6939009e-01  -3.1159564e-01   6.8117240e-01  -2.7170048e-01  -5.9017014e-01   7.0562974e-01  -8.6812317e-01  -8.6627227e-01   2.4896260e-01  -7.9555956e-01
  -2.2020024e+00   1.3448527e+00  -3.3288360e-01  -1.0521047e-01   6.7007268e-01  -1.0150627e+00   4.3904372e-02   9.3471980e-01  -5.1622121e-01  -1.2714517e+00   1.4978482e-01  -8.4890200e-01
