   1.9708441e-01   1.1728379e+00  -2.8366537e-01  -2.9205221e-01  -3.2548597e-02  -6.3891252e-01   4.5472282e-01  -9.2760023e-03  -1.0674804e+00  -7.0107837e-01   5.1607543e-01  -1.0839343e+00
  -5.1160191e-01   7.8121762e-01  -8.7556672e-01  -9.6615434e-01  -2.3332895e-01  -9.3253288e-01   2.8237969e-01   6.7642954e-02  -5.9394040e-01  -2.8263358e-01   8.4615214e-01  -4.2632246e-01
  -2.2088475e-01   6.0766469e-01  -8.6012096e-01  -3.9488611e-01   6.3640379e-01  -3.4783760e-01   6.7477699e-01   4.8952431e-01  -3.3809539e-01  -2.7719932e-01   1.0162872e+00  -9.0314304e-01
   5.7318059e-02   6.4242535e-01  -1.3122326e+00  -9.1345182e-02   5.3555428e-01  -2.8839993e-01   6.5515355e-01  -1.3355985e-01  -3.8114922e-01  -3.8582920e-01   9.8342591e-01  -6.0167843e-01
   1.1957553e-01   9.7518746e-01  -1.2951885e+00  -3.7538314e-01  -2.4400629e-01  -7.3208332e-01   5.1160184e-01   1.1835228e-01  -3.0409455e-01  -4.4664805e-01   8.1575826e-01  -4.0796850e-01
  -2.4755480e-01   6.6225986e-01  -1.2728241e+00  -4.9036094e-01   5.9759217e-02  -5.6932605e-01   6.4998460e-01   1.3308594e-01  -3.2671331e-01  -3.2490900e-01   4.5931534e-01  -3.6770572e-01
   2.7155264e-01   9.9116664e-01  -1.0136959e+00  -2.4859265e-01  -1.7811545e-01  -3.0877773e-01   6.1349842e-01   2.5787541e-01  -6.9145640e-01  -6.6798719e-01   3.9196683e-01  -8.1830302e-01
  -5.9570030e-01   8.0593398e-01  -1.0993259e+00  -9.4712956e-02  -4.0250690e-01  -1.0697807e+00   2.6746434e-01  -1.2769217e-01  -7.1449540e-01  -5.2883561e-01   9.9544650e-01  -4.3965135e-01
  -5.5624315e+00   8.0506438e-01   6.8219200e-01  -1.5210449e+00  -4.3569801e-01  -6.5569778e-01   1.0297217e+00  -2.0727543e-01  -4.1694710e-01  -4.0169840e-01   5.1728324e-01  -1.1357276e+00
  -5.6867527e+00   1.1961976e+00   6.7046055e-01  -1.2054261e+00   4.8790718e-01  -7.2112944e-01   7.1236885e-01   3.9183365e-01   5.8085440e-01  -9.1042944e-01   1.7589185e+00  -4.0486727e-01
  -2.7114301e+00   3.4461347e-01   1.3603515e-01  -1.4181974e+00  -9.6337531e-02  -1.0192324e+00   2.4927525e-01  -2.6623995e-02  -1.4916887e-01  -5.2380781e-01   7.6099682e-01  -4.4540034e-01
  -2.4243343e+00   5.7908378e-01  -3.2617654e-01  -2.2613546e+00  -2.7819319e-01  -6.7886409e-01  -1.3802908e-02  -4.7384192e-01  -5.3362894e-01  -5.8602372e-01   5.6904164e-01  -8.7966449e-01
  -2.2799079e+00  -4.0097004e-02  -6.4853749e-01  -9.4017743e-01   1.0492349e-01  -9.5165838e-02   8.4918350e-01   1.8141332e-01  -6.0810657e-01  -1.1157653e+00   5.8631828e-01  -4.6089017e-01
  -2.2700801e+00   1.5344118e+00   1.7353588e-01  -7.7813859e-01   5.1224837e-02  -8.3087291e-01   2.2336311e-01   6.0163780e-01   1.6568745e-01  -5.0194236e-01   5.2916255e-01  -2.4953080e-01
  -3.1763467e+00   1.7065480e+00  -1.0691972e+00  -3.3808877e-01   4.5648235e-02  -8.2276840e-01   1.4446471e+00   2.2015177e-01   5.0114478e-01  -3.0564022e-01   4.2383759e-01  -5.0012421e-01
  -2.2285578e+00  -1.7285157e-01   1.3257557e+00  -3.5979356e+00  -6.7024280e-01  -3.5039462e+00  -1.9688747e-01   1.2156482e+00  -7.4607847e-01   1.2052614e+00   2.5296793e+00  -1.0338265e+00
   1.4281728e+00   1.7881756e+00   2.9099660e+00  -1.2899643e+00  -2.3467539e-01  -3.3321414e+00   1.4542797e-01   4.1988857e-01  -1.5558485e+00   3.4231667e-01   1.3478284e+00  -1.1794330e+00
   1.7044425e+00   2.6448581e+00   3.2961680e+00  -4.9537065e-01  -1.1795191e+00  -3.1209819e+00  -2.6797224e-01  -2.6255456e-01  -1.1333166e+00   5.1494001e-01   6.1691102e-01  -7.8117692e-01
   1.5969544e+00   3.1683937e+00   3.2802425e+00  -4.1093524e-01  -1.2597418e+00  -3.1118482e+00  -3.5485874e-01  -4.1031130e-01  -1.1757064e+00  -7.8801427e-01   2.0654349e+00  -8.9303389e-01
   1.6468639e+00   2.5069391e+00   1.4467636e+00  -1.7223697e+00  -1.2767971e+00  -1.6819635e+00   1.1559599e+00  -2.8235088e-01  -1.9389543e+00  -1.1167842e+00   1.3022704e+00  -9.1896350e-01
   6.8235073e-01   3.1812296e+00   1.8197385e+00   9.0591896e-01  -9.5705438e-01  -2.2098042e+00   6.7199964e-01   4.9480567e-01  -1.2783533e+00  -1.6829512e+00   3.3690483e-01  -1.1585382e+00
  -1.3244682e+00   3.4638682e+00   6.9226963e-01  -3.7915868e-01   2.7611164e-01  -3.3135472e-01   5.7732991e-01  -1.6509520e-01  -1.9103270e-02  -1.0774668e+00   7.3883729e-01  -8.4661383e-02
  -3.2390212e+00   1.1965084e+00   2.1172348e+00  -8.6857732e-01   1.7824402e+00  -2.4886945e+00  -3.0169436e-01  -5.0403007e-01  -2.5387913e+00  -1.0663614e+00   6.7183121e-01  -9.4145506e-01
  -2.6092329e-01   9.3398310e-01   2.4869465e+00   2.9166395e-01  -8.9738952e-01  -2.5468528e+00   8.0634008e-01   1.3550104e-01  -1.6327392e+00  -1.3424115e+00   1.0211854e+00  -1.1850686e+00
   8.6233718e-01   1.4473658e+00   2.5006505e+00  -1.0717428e+00  -1.0140070e+00  -2.5434138e+00   6.9995410e-01  -3.1777484e-01  -1.9523823e+00  -3.2419940e-02   5.5913818e-01  -1.5569461e+00
   1.0200521e+00   4.4285763e+00   2.1371049e+00  -1.2724867e+00  -1.1319761e+00  -2.6748870e+00   2.9350061e-01  -1.3385431e-01  -2.1048136e+00   6.7404553e-02   1.2010126e+00  -1.6218930e+00
  -3.3664329e-01   3.9363308e+00   2.1616568e+00  -5.3363931e-01   8.6591773e-01  -9.9158524e-01   2.8238516e-01  -2.2026381e-02  -1.1455444e+00  -4.6365573e-01   6.0930451e-01  -1.8280048e+00
  -3.4966544e-01   3.4493345e+00   2.7672122e+00  -3.2681621e-01   8.0188368e-01  -7.5756784e-01  -8.8969672e-02   3.8041870e-01  -1.2643576e+00  -8.7859586e-01   7.4437892e-01  -1.9786329e+00
  -3.8251053e-01   3.1932391e+00   1.5396688e+00   5.7552751e-02   1.3289231e+00  -3.3697477e-01  -1.0375402e-01  -2.8456045e-01  -9.6544373e-01  -6.3051913e-01   4.9597145e-01  -1.9961885e+00
  -8.6860957e-03   4.7796788e+00   2.4280133e+00  -1.4367888e+00  -8.2332732e-02  -1.9354781e+00  -4.0200741e-01  -2.8844830e-01  -9.3785083e-01   2.9518860e-01   8.8737735e-01  -1.4398031e+00
   2.7850179e-01   3.9154719e+00   2.9794061e+00  -6.1732027e-01  -1.0085758e+00  -2.8426482e+00  -3.4433002e-01   1.7082306e-01  -1.5380774e+00   2.3785638e-01   1.5778545e+00  -1.3765305e+00
   5.0968025e-01   2.8458813e+00   2.9243831e+00   7.5422711e-01  -9.3441320e-01  -3.3207070e+00  -7.1326316e-01   1.2002414e+00  -2.1748905e+00  -1.2133505e+00   8.2383698e-01  -1.1547295e+00
  -1.7666057e+00   3.6395994e+00   4.9798497e-01   1.8806107e-01  -3.9429628e-01  -1.1254162e+00  -3.4771659e-01  -1.1616924e+00  -1.2995350e+00  -1.2405751e+00   2.3879869e-01  -6.0288414e-01
  -2.3820272e+00   2.9887070e+00   4.2950317e-01  -4.4521791e-01  -7.5397971e-04  -6.8547887e-01  -4.8771966e-01  -3.9542647e-01  -1.5344429e-01  -8.2010289e-01   3.8838211e-01  -3.0166182e-01
  -3.1747113e+00  -5.1286484e-01   4.2171968e-01   5.2461595e-01  -1.0556387e-01  -3.0320655e+00  -7.7472425e-01  -8.8120608e-01  -2.0483152e+00  -1.2946363e+00   5.4185885e-01  -1.0575077e+00
  -8.3032567e-01   1.3831549e+00   1.3727629e+00   1.0714380e+00   1.1416433e+00  -6.9520128e-01   8.4094529e-01  -1.2988143e+00  -2.5648172e+00  -1.2341203e+00   4.2300405e-01  -1.1119691e+00
  -4.1659162e-01   1.1292504e+00   1.6211001e+00   2.2251644e+00   1.5838978e+00  -9.2685532e-01   1.2480536e-01  -1.4759575e+00  -3.0368405e+00  -1.2149909e+00   9.7234496e-01  -7.8482723e-01
   2.8068679e-01   1.4219533e+00   2.0858022e+00   1.0691400e+00   9.5364678e-01   8.6601761e-02  -5.7365194e-02  -1.9715348e+00  -2.2709053e+00  -8.8605120e-01   9.2288243e-01  -1.4333689e+00
  -9.2115388e-02   3.6155425e-01   2.3441980e+00   1.9510012e+00   1.9629633e+00  -4.1929198e-01   2.2199479e-01  -2.0285489e+00  -2.4259564e+00  -6.1971156e-02   1.3556973e+00  -1.2076849e+00
   6.3982832e-01   9.1666136e-01   2.1226381e+00   8.4917089e-01   1.9157263e+00  -4.0788570e-01  -1.0936704e-01  -1.6749617e+00  -2.1591289e+00   3.1717445e-02   2.2328348e+00  -7.6769526e-01
  -9.6786075e-01   2.0062493e-02   1.5122833e+00   4.4824408e-01   2.4577669e+00  -4.2101245e-01  -1.3971105e-01  -1.0043795e+00  -1.1016470e+00  -6.9291751e-01   1.0861792e+00  -1.5003094e+00
  -6.3831002e+00  -3.3402884e-01   2.0236475e+00   2.3714187e-01   2.9420473e+00  -1.0542423e+00   3.8896270e-01  -9.0779928e-01  -7.6097726e-01  -1.0342443e+00   1.1279093e+00  -1.4868559e+00
  -6.5303193e+00   1.8689249e-01   1.8268437e+00  -3.7372345e-02   2.8571486e+00  -1.1354614e+00   5.0171071e-01  -3.6919783e-01  -6.4738894e-01  -9.5160198e-01   7.1836285e-01  -1.4020291e+00
  -7.7618480e+00  -3.4320087e-01   1.7857113e+00  -3.6838470e-01   2.0892179e+00  -1.4843365e+00  -1.5646968e-01  -7.5888971e-01  -3.9050754e-01  -5.1294584e-01   1.1818692e+00  -7.1608653e-01
  -7.5059804e+00  -1.1275866e-01   1.4811189e+00   3.6763937e-02   2.1685242e+00  -6.3858659e-01   4.7300756e-01  -4.3918242e-01  -4.9239803e-01  -5.4080487e-01   8.8757111e-01  -9.3454289e-01
  -7.4198764e+00  -6.9433986e-01   9.7354071e-01  -3.2571550e-01   2.8106848e+00  -5.7652806e-01   3.0569200e-01  -2.1398201e-01  -3.5528254e-01  -5.9571464e-01   1.1710240e+00  -1.1758462e+00
  -7.2724345e+00  -5.3431894e-01   1.2167146e+00  -6.6008517e-01   1.6024970e+00  -9.8160820e-01   1.4061333e-01  -3.8092442e-01   1.1187237e-01  -1.2800185e+00   7.0113550e-01  -1.3103330e+00
  -7.7271775e+00  -6.7160306e-01   7.3130324e-01  -1.1345445e+00   2.1218359e+00  -8.7845742e-01   8.2137112e-01   3.9123312e-03  -2.2447916e-01  -1.1157103e+00   5.9989211e-01  -1.1722413e+00
  -7.1587083e+00  -8.0962807e-01   1.0653010e+00  -9.0312304e-01   1.9454603e+00  -9.0481293e-01   1.0625059e-01  -7.6220384e-01  -3.5914654e-01  -1.1829452e+00   7.1443550e-01  -1.0697837e+00
  -6.5090706e+00  -6.5648710e-01   8.2073793e-01  -1.0616190e+00   1.6480209e+00  -8.5392370e-01  -5.1396757e-02  -7.0246934e-01  -6.7606163e-01  -1.5408495e+00   6.4458513e-01  -9.4453105e-01
  -3.5353505e+00  -1.8703173e-01   9.8812180e-01  -1.4369875e+00   1.1620920e+00  -9.3441567e-01   5.6731218e-01  -1.6494132e-01  -1.1830464e-02  -1.1663533e+00   6.3060084e-01  -1.3152537e+00
  -1.9050389e+00   3.1592690e-01   4.5002135e-01  -1.3456656e+00   9.8916452e-01  -8.3741815e-01  -1.3279444e-01  -1.5796462e-01  -5.8963647e-01  -9.3045208e-01   5.4402866e-01  -1.2427872e+00
  -5.5790260e-01   4.4619044e-01  -2.9829931e-01  -1.7606522e+00   4.3379918e-01   6.4342404e-02   1.0586245e-01   4.9885344e-01  -8.1593127e-02  -1.6871420e+00   2.4417723e-01  -7.1340792e-01
  -5.5310269e-01  -1.1426556e-01  -5.0006338e-01  -9.4723585e-01   7.7742549e-01  -3.1939235e-02   1.6061254e-01  -2.9777252e-01  -5.9430352e-01  -1.3302772e+00   6.3713833e-01  -7.4818094e-01
  -2.0659944e+00   4.8551026e-01   9.6636327e-01  -1.3075805e+00   1.7540455e+00  -9.3704431e-01   3.8243763e-01   3.8087590e-02  -1.2118739e+00  -4.8920151e-01   5.6328659e-01  -9.1810102e-01
  -2.6657622e+00  -1.8293541e-01   2.3917467e-01  -1.8103774e+00   2.2561164e+00  -9.4758282e-01   9.2574957e-01   7.5347704e-01  -1.2200046e+00  -6.3669376e-01   1.0070923e+00  -8.5044477e-01
  -3.1865759e+00   1.6631055e-01   1.5758971e-01  -1.5690504e+00   1.8572153e+00  -1.4868479e+00   4.2580507e-01   3.0696203e-02  -1.2341169e+00  -7.3696855e-01   5.2221203e-01  -7.9784057e-01
  -3.5630726e+00  -1.7518267e-01  -6.1489082e-02  -1.9036321e+00   1.3458336e+00  -1.8514851e+00   1.1935571e+00   4.3107900e-01  -8.7277502e-01  -3.6551223e-01   8.7355280e-01  -1.1215416e+00
  -3.3428730e+00   9.0498986e-01   3.0998255e-01  -1.0238163e+00   1.5535454e+00  -2.1982070e+00   6.7149009e-01   2.6114609e-01  -5.1676554e-01   1.3069357e-01   1.1631500e+00  -9.2802318e-01
  -4.6355529e+00   1.0116050e+00   4.0533569e-01  -1.4364514e+00   1.0509047e+00  -2.1245610e+00   6.8578268e-01   5.0604494e-01  -1.0131716e+00  -6.1404076e-01   9.0716826e-01  -9.6419970e-01
  -4.9691263e+00   8.1875461e-01  -8.8431144e-03  -1.3286087e+00   1.2332177e+00  -1.7688276e+00   5.0167041e-01   3.1216660e-01  -1.1549358e+00  -2.9648034e-01   1.1279597e+00  -1.2399420e+00
  -3.6634499e+00   9.2924326e-01   3.1903145e-01  -1.2031874e+00   1.6345113e+00  -1.6491691e+00   2.0949142e-01  -4.0801538e-01  -7.4235916e-01  -9.5195772e-02   7.5157322e-01  -1.4072919e+00
  -4.0653920e+00   9.3019699e-01   1.7345593e-01  -1.0576169e+00   1.5189021e+00  -1.7613797e+00   6.5357739e-01   2.5985832e-01  -1.7035437e+00  -4.9760050e-01   7.2089025e-01  -1.3077414e+00
  -2.8414576e+00  -7.7151722e-03  -1.6243743e-01  -1.4682616e+00   1.5055828e+00  -2.0331963e+00   1.0456924e+00   5.8534756e-01  -7.8312884e-01  -4.0650021e-01   6.9719235e-01  -1.0903330e+00
  -1.9318062e+00   7.1843912e-01   5.5605904e-01  -1.6573342e+00   1.2443862e+00  -2.0826043e+00   8.9736799e-01   6.7160412e-01  -1.4803324e+00  -7.0301699e-02   7.8348295e-01  -9.2785812e-01
  -7.7219668e-01   2.7301082e-01   2.2583032e-01  -1.0266069e+00   1.2113962e+00  -1.4449963e+00   9.3795971e-01   5.2948447e-01  -7.3764634e-01  -7.3701902e-02   6.7399079e-01  -9.6992110e-01
   3.9238290e-01   1.1109403e+00   6.8689160e-02   3.1248558e-01   4.2753001e-01  -9.0793884e-01   7.5960669e-01  -6.1705890e-01  -4.1058329e-01  -8.1635433e-01   5.5719400e-01  -9.7968681e-01
  -9.0880008e-01   5.4861790e-01  -5.0915823e-01  -3.7299826e-01   8.0633021e-02  -8.0422399e-01   7.4016286e-01  -6.0794501e-01  -6.5644941e-01  -7.8710746e-01   5.2154319e-01  -1.0086663e+00
  -4.0656718e-02   7.9279175e-01  -1.8723133e-01   3.0560047e-01   4.4662187e-01  -5.2645155e-01   1.1797646e+00   2.9382236e-01   6.4257793e-02  -2.9143139e-01   6.9713936e-01  -1.0537729e+00
  -2.9654234e-01   7.3284796e-01  -7.8246999e-01  -1.8127669e-01   6.6587638e-02  -1.0551071e+00   7.1427573e-01   1.9966683e-01   9.4589999e-02  -4.5632536e-01   1.0787464e+00  -1.7407627e-01
  -8.6954117e-02   8.5008580e-01  -7.9414762e-01  -3.3881603e-01   4.2103213e-01  -5.2793423e-01   3.3481311e-01  -1.5437872e-01  -5.8305340e-01  -8.7092009e-01   3.0115125e-01  -8.3630844e-01
  -9.1278332e-01   1.8959635e-02  -1.0346260e+00  -5.2538069e-01  -3.9624568e-01  -1.0815126e+00   3.8313146e-01   3.4891132e-01   4.8993556e-01   2.4346512e-01   1.4763814e+00   2.2161502e-01
  -6.5357520e-01  -2.0574369e+00  -1.2234528e+00   3.3738795e-01   1.0193795e-01  -1.5818196e+00   1.2891551e-01  -3.4699448e-01  -1.0138700e+00  -9.0159242e-01   7.1762217e-01  -8.6894628e-01
  -5.4074538e-01  -1.9916092e+00  -1.3579118e+00   1.8117232e-01   2.3545083e-01  -2.1761298e+00  -2.7491703e-02  -2.5274951e-02  -4.3584099e-01  -7.3644709e-01   1.2853745e-01  -1.0696228e+00
   4.1294051e-01  -1.1944633e+00  -1.1293833e+00   3.2620612e-01   4.8961449e-01  -1.3378556e+00   4.3627818e-01  -2.1881174e-01  -5.8743040e-01  -9.5977068e-01   6.0573162e-02  -1.0771830e+00
   9.4327812e-01  -8.7799299e-01  -1.2527424e+00   5.9423417e-01   6.4747344e-01  -1.2553039e+00  -6.2510662e-02  -1.6184553e-02  -3.8804351e-01  -4.9024085e-01   6.8573154e-01  -4.4657017e-01
  -5.8475278e+00  -1.8618788e-01  -3.9552331e-01  -1.4424212e+00   5.3380576e-01  -1.9463505e+00   1.3859011e-01   7.6483589e-01  -7.0101078e-01  -1.0052675e-01   1.3922834e+00  -2.4503319e-01
  -5.6361378e+00   4.8016029e-01  -8.0774907e-03  -1.1206082e+00   7.3445012e-01  -1.4342202e+00   5.6572224e-01   4.0426069e-01  -1.0939215e+00  -1.8870627e-01   8.2364172e-01  -1.2876148e+00
  -4.9125809e+00   5.8893676e-01  -4.3534944e-02  -6.9370797e-01   5.9953974e-01  -1.5355340e+00   8.7290160e-01   1.0721391e+00  -1.2150146e-01   1.3157863e-01   9.5027990e-01  -1.2930360e+00
  -4.0282756e+00   4.0049939e-01   2.8005143e-01  -9.3969936e-01   7.3653509e-01  -1.0992611e+00   8.7377584e-01   6.5330260e-01  -1.0588190e+00  -7.9013074e-01   4.6013925e-01  -9.3609488e-01
  -2.4749271e+00   5.6721394e-01  -1.5336931e-01  -1.0988607e+00   5.4878799e-01  -1.4536555e+00   2.7482794e-01   3.7268319e-01  -8.2212824e-01  -5.9892643e-01   3.7779177e-01  -1.0269675e+00
  -3.8783998e+00   1.9467503e+00   6.8381072e-02  -4.6278120e-01  -2.5210906e-02  -1.6859004e-01  -8.0539671e-01   1.7771541e-01  -8.1044779e-01  -8.4394484e-01   4.7349415e-01  -5.0512986e-02
  -3.7671191e+00   1.5423547e+00  -8.6939009e-01  -3.1159564e-01   6.8117240e-01  -2.7170048e-01  -5.9017014e-01   7.0562974e-01  -8.6812317e-01  -8.6627227e-01   2.4896260e-01  -7.9555956e-01
  -2.2020024e+00   1.3448527e+00  -3.3288360e-01  -1.0521047e-01   6.7007268e-01  -1.0150627e+00   4.3904372e-02   9.3471980e-01  -5.1622121e-01  -1.2714517e+00   1.4978482e-01  -8.4890200e-01
