  -3.4633898e+00  -1.9446723e-02  -5.4984152e-01  -8.2651634e-01   5.1237645e-01   2.6079344e-02   8.0307011e-01   3.1608275e-01  -5.3685209e-01  -3.8321653e-01   9.6505736e-01  -3.1299390e-01
  -3.9127132e+00  -3.8646203e-01  -1.1759868e-01  -1.4491450e+00   8.4987631e-02  -5.0363613e-01   9.0432908e-01   5.2811755e-01  -7.1516921e-02  -5.2426267e-01   1.1533864e+00  -2.8788160e-01
  -2.7428737e+00  -1.7554914e-01   9.5995170e-02  -1.2062330e+00   5.3304586e-01   2.0649275e-01   9.6287564e-01   3.1779975e-01  -5.6829923e-01  -8.9905213e-01   8.2695012e-01  -8.7822755e-01
  -1.0142917e+00  -6.7400270e-03   1.0848434e-01  -3.6411998e-01   1.0446038e+00  -3.4604381e-02   7.2624430e-01  -3.3959441e-01  -7.2512371e-01  -3.6173511e-01   1.3904910e+00  -4.3731569e-01
  -1.5515231e+00  -3.0271465e-02   9.6932104e-02  -6.9145432e-01   5.2564473e-01  -4.2529728e-02   6.5612285e-01  -3.7375245e-01  -5.9888714e-01  -7.7911037e-01   5.7976369e-01  -5.4388868e-01
  -1.3452909e+00  -1.3829415e-01  -3.4820782e-01  -3.3724761e-01   5.5525249e-01   5.9798548e-02   1.3716146e+00   2.4634555e-01   2.8296372e-02  -2.2434471e-01   7.4544694e-01  -3.4838345e-01
  -1.0275140e+00   7.8748916e-01  -6.4943910e-02   2.1385153e-01   7.8838066e-01  -3.8556631e-01   5.0242558e-01   2.3333788e-02  -3.5213684e-01  -3.8171250e-01   1.1308575e+00  -2.4976133e-01
  -7.8622767e-01   5.7969304e-01  -1.1998183e-01   2.7071000e-03   2.9304498e-01  -6.6567365e-01   6.3753971e-01   6.8096173e-01  -9.5397452e-02  -5.4281556e-01   3.6115623e-01  -5.3103639e-01
  -1.6990695e-01   9.5610264e-01  -4.3502366e-01   2.1498871e-02   5.0878024e-01  -5.9805802e-01   4.6189285e-02  -1.0438361e-01  -3.6324934e-01  -6.8065562e-01   5.9358061e-01  -5.6398923e-01
  -5.3137164e-01   8.7470894e-01  -4.8776791e-01  -9.0329119e-02   8.0727096e-01   1.0103395e-01   1.0893331e+00   4.9577704e-01  -4.7119700e-01  -3.1373139e-01   9.0000058e-01  -3.2604515e-01
  -3.7207995e-01   8.7882495e-01  -3.4807313e-01   9.2448128e-02   3.7707361e-01  -2.1320454e-01   5.4757414e-01  -2.0731367e-01  -3.9997821e-01  -7.3493411e-01   5.9981154e-01  -8.1770518e-01
  -9.6933191e-01   1.2599029e+00  -3.9028578e-01   7.8836245e-01   9.4053414e-01  -2.2765633e-01   5.8503145e-01   5.8162500e-01  -2.3670101e-01  -1.1154243e+00   2.6893181e-01  -7.4479173e-01
  -1.2268139e+00   5.6844390e-01  -6.1047919e-01   1.3361870e-01   4.3526433e-01  -8.8386683e-01   1.5116914e-01  -3.0033763e-01  -5.1975082e-01  -7.2731727e-01   4.1310752e-01  -6.3471557e-01
  -8.5539142e-01   6.1213551e-01  -7.0358437e-01  -4.3665958e-01   3.8460455e-05  -1.0890637e+00   2.2152223e-01  -1.4592964e-01  -4.2005305e-01  -4.2548275e-01   7.2680597e-01  -5.3526145e-01
  -1.4846818e+00   6.5333164e-01  -1.0891073e+00  -6.1432246e-01   4.5520412e-01  -6.3123027e-01   3.9798623e-02  -5.8953855e-01  -7.7710121e-01  -8.7318038e-01   5.5650228e-01   1.1768309e-02
  -1.6042401e+00   7.7918681e-01  -9.1534653e-01  -5.8855738e-01   2.8834175e-01  -6.9184135e-01   3.7410912e-01  -2.3563570e-01  -4.1046040e-01  -6.2123215e-01  -9.7824103e-02  -9.2259528e-01
  -1.0126056e+00   1.0775909e+00  -6.1175513e-01   1.7857589e-01   1.0409545e+00  -2.2643002e-01   5.9344913e-01  -5.3850100e-02  -3.5220597e-01  -2.9300977e-01   5.1390034e-01  -1.3101268e+00
  -3.7545347e+00   6.8462579e-01  -2.3766847e-01  -8.1414375e-01   1.3970157e-01  -6.0566113e-01   5.6737231e-01  -5.1014417e-01  -9.1584415e-01  -9.6125279e-01   2.8120123e-01  -1.1590396e+00
  -6.2825593e+00  -1.3213740e+00   4.2060050e-01  -3.5223821e+00  -1.6122250e+00  -2.8450737e-01   3.3697274e+00   5.4844125e-01  -2.7375893e-01  -6.5277441e-01  -4.4442767e-01  -1.7238353e+00
  -1.5980894e+00   7.9623275e-01   2.7190195e-02  -8.3865553e-02   1.0721384e+00   6.7687289e-01   7.7814223e-01   5.4515856e-01   6.7551264e-02  -5.5781787e-01   2.2495967e-01  -7.2865512e-01
  -2.5533899e+00   8.5630067e-01  -1.9647313e-01   1.2341487e-01   8.8401726e-01  -8.7725252e-02   5.9530432e-01   8.6478991e-01  -7.4945762e-02  -1.0816099e-01   6.2806356e-01  -2.3161272e-01
  -4.4171713e+00   1.3451093e-02   1.7266013e+00  -4.4831460e+00  -5.7053032e-01  -3.2374724e+00   1.8172602e+00   2.2226734e-01  -8.6224705e-01  -2.1595519e-01   2.1944495e+00  -1.6622426e+00
   1.2913302e+00   2.6358585e+00   2.6084890e+00  -1.9872431e+00  -1.7966851e+00  -3.5148922e+00   1.5433540e+00   1.0148701e-02  -7.9574765e-01  -2.8329096e-01   1.6782024e+00  -1.9598227e+00
   1.9247455e+00   1.9304951e+00   3.0483114e+00  -1.1058216e+00  -1.3080332e+00  -3.2298049e+00   2.7807879e-01  -3.2760220e-01  -1.5289140e+00   5.5898945e-01   1.5900979e+00  -1.4380987e+00
   2.0523306e+00   2.2852074e+00   3.9956606e+00  -1.9877276e+00  -8.9857331e-01  -3.5779984e+00  -7.5847474e-02   5.4139412e-01  -1.4030179e+00  -5.5384082e-02   1.5535161e+00  -1.5251558e+00
   1.4876003e+00   2.6264344e+00   3.3035010e+00  -1.1758828e+00  -4.9655533e-01  -4.0197600e+00   1.2237032e+00   3.2870323e-01  -2.0299863e+00  -1.0831865e+00   1.2156493e+00  -1.0186594e+00
   1.5325783e+00   2.7334406e+00   1.5671262e+00  -2.7863623e-01   1.2373390e-02  -1.5051745e+00   4.5369333e-01   1.6834932e-01  -1.1251151e+00  -7.4556399e-01   8.3811950e-01  -1.0617030e+00
   1.2084067e+00   3.0566738e+00   8.4749706e-01  -3.3057581e-02   6.9079970e-01  -1.2810199e+00   7.2074949e-03  -7.7421817e-02  -7.9102877e-01  -1.0729633e+00   7.0163499e-01  -9.5707673e-01
  -3.4314144e+00  -2.3056693e+00   3.7634967e-01  -1.0605640e+00   1.3524196e+00  -2.6455522e+00  -3.4918031e-01   1.6383663e-01  -1.0121858e+00  -1.7749191e+00   5.9175442e-02  -1.2390734e+00
   1.7708724e+00   1.3234379e+00   2.5006866e+00   3.4233605e-01  -7.2638904e-01  -3.7432836e+00   4.8125959e-01  -1.9831108e-01  -5.0216206e-01  -1.6444366e-01   9.4300069e-01  -1.3800192e+00
   1.7649386e+00   1.7980867e+00   2.0876808e+00  -1.0454207e+00  -7.8151078e-01  -3.5754940e+00   1.8606846e-01   5.3026086e-02  -1.4361064e+00   3.6012604e-01   1.0671622e+00  -1.1630959e+00
   2.2197180e+00   3.2656275e+00   2.8846249e+00  -1.8139007e+00   6.4029750e-02  -3.0424785e+00  -8.7453279e-02   3.3973750e-01  -2.0357513e+00   2.4002210e-01   1.5782105e+00  -1.4013126e+00
   1.8423781e+00   3.2529356e+00   1.9555712e+00  -7.3951821e-02   5.3292992e-01  -1.8320981e+00   4.4262226e-01   3.1290309e-01  -1.1194083e+00  -2.9273655e-01   8.6954469e-01  -1.0084105e+00
   3.5598915e-01   1.7402535e+00   1.9675884e+00  -1.0101590e+00   1.7808141e+00  -9.5937271e-01  -4.7961705e-01   3.5176910e-01  -1.1311794e+00   3.9257849e-01   9.7259342e-01  -1.7863447e+00
   6.0733376e-01   1.9317501e+00   2.5738956e+00  -6.8637186e-01   2.3590364e+00  -7.0133702e-01  -6.2984808e-01  -1.7132803e-01  -1.6459517e+00  -1.8349958e-01   1.0996927e+00  -2.0494743e+00
   1.6756978e+00   2.5409373e+00   1.7667089e+00  -5.3760606e-01   2.1333333e+00  -1.4923352e+00  -1.0465689e+00  -1.1518501e+00  -1.3013754e+00  -5.1318708e-01   9.4558836e-01  -1.4916364e+00
   9.5140074e-01   3.2473968e+00   2.9804484e+00  -2.1067631e+00   1.0137729e+00  -2.7229549e+00  -6.1030619e-01  -2.4511978e-01  -6.1670914e-01   1.2764884e-01   1.6509180e+00  -1.9203965e+00
   6.1711406e-01   2.3125887e+00   2.8946484e+00  -1.6844591e+00   2.3514594e-01  -3.0060759e+00   3.1725110e-01  -4.6408249e-01  -1.5395030e+00   6.7425387e-01   2.1757685e+00  -2.1918898e+00
   1.6500684e+00   1.4815675e+00   1.1002551e+00   1.3196460e-01   9.1652691e-01  -1.6201518e+00   6.0922934e-01  -1.0119282e-01  -7.8093895e-01  -1.3476219e+00   1.2452565e+00  -1.0618469e+00
   1.1087311e+00   2.5502508e+00   1.3145183e+00   4.9897388e-01   7.3058853e-01  -9.8826244e-01   3.0769772e-01  -6.2749828e-02  -7.5167233e-01  -6.4597665e-01   1.3797763e+00  -1.0923400e-01
   1.0248908e+00   1.4017448e+00   1.9447601e+00   1.0474248e+00   2.5724649e-01  -1.9920387e+00   2.4505840e-01   2.5658776e-01  -4.4608001e-01  -5.6304373e-01   1.2450847e+00  -6.5327846e-01
  -1.5192005e+00  -1.5856253e+00   1.1575165e+00  -5.2045644e-01   1.7479758e+00  -1.8322435e+00   1.1074751e+00  -5.5755885e-01  -1.5301524e+00  -5.5781263e-01   7.5746559e-01  -1.8146392e-01
   6.1580783e-02   1.1170968e+00   3.1240670e+00  -8.8718379e-01   2.2373545e+00  -1.6141034e+00  -2.0932629e-01  -2.1450396e+00  -2.6151820e+00   4.0696878e-02   7.1378570e-01  -2.2203604e-01
  -3.2572644e-01   1.3685779e+00   2.7025731e+00  -1.4115774e+00   1.8884792e+00  -1.8055760e+00  -3.8499006e-01  -1.9452312e+00  -2.4271446e+00   3.1980659e-01   9.8689540e-01  -7.4545544e-01
   2.1508058e-01   1.7731227e+00   2.5987132e+00  -1.3576033e+00   2.7198227e+00  -1.0950483e+00  -2.1901019e-01  -2.6369220e+00  -1.3492159e+00  -6.2260773e-02   1.2723724e+00  -9.3083900e-01
  -8.1812631e-01   8.9664122e-01   1.8373788e+00  -1.3854838e+00   2.2055357e+00  -8.2394986e-01   8.2857491e-01  -1.1815289e+00  -1.0316011e+00   1.0724382e-01   1.0538076e+00  -7.0215493e-01
  -5.6342169e+00   4.2584057e-02   1.3308676e+00   2.0341881e-01   2.5141132e+00  -5.9943954e-01   2.7619150e-01  -2.5279952e-01  -1.9044156e-01  -8.9097478e-01   4.3041577e-01  -1.0752903e+00
  -7.1791306e+00  -3.8681864e-01   9.9912576e-01   1.1700653e-01   2.4709010e+00  -1.0806509e+00  -1.5618786e-01  -8.7621612e-01  -9.4868329e-01  -7.9164160e-01   6.6557432e-01  -1.2084787e+00
  -7.5434557e+00  -1.1909423e+00   1.9046279e+00   1.2153983e-01   1.5742931e+00  -1.7098101e+00  -5.5250981e-01  -1.1881711e+00  -9.5534546e-01  -9.5719990e-01   7.9626884e-01  -5.8870081e-01
  -6.5274813e+00  -3.8760187e-01   2.1419350e+00  -1.6535859e-01   1.9734460e+00  -3.8859025e-01   5.0465594e-01  -1.1483782e+00  -6.7206965e-01  -7.3899429e-01   5.0448336e-01  -1.0959925e+00
  -7.4290117e+00  -2.1052367e+00   1.1642288e+00  -1.0232502e+00   2.1751403e+00   5.1248777e-02   1.0448094e+00  -3.7919907e-01   4.3264624e-02  -9.6799765e-01   9.4908323e-01  -4.4579523e-01
  -6.9441173e+00  -1.8102022e+00   3.4700393e-01  -8.4945653e-01   1.4239802e+00  -7.2225722e-01   9.4511734e-01   1.4923501e-01   1.5355002e-01  -9.2110370e-01   4.7487388e-01  -1.1199956e+00
  -4.5007030e+00  -1.6770494e+00   5.9712473e-01  -1.4884322e+00   6.6903133e-01  -1.1878461e+00   9.4608041e-02  -3.1188152e-01  -7.5297757e-01  -1.3288558e+00   7.8896015e-01  -5.5721127e-01
  -2.4615025e+00  -6.6939909e-01   1.0525709e+00  -1.0072139e+00   1.3250108e+00  -3.7683356e-01  -3.5210943e-01   5.4168721e-01   6.9264684e-02  -6.6101150e-01   1.4797541e+00  -4.6237730e-01
  -1.7395097e+00  -6.1447360e-01   9.5504262e-01  -1.4476713e+00   1.2661858e+00  -1.6406090e-01  -4.5466207e-02  -2.4140202e-01  -4.2050320e-01  -1.1621735e+00   8.9542296e-01  -5.3070876e-01
  -1.4729683e+00  -2.4642505e-02   9.8641802e-01  -9.7310987e-01   1.2709197e+00  -3.6470919e-01   4.9767171e-01  -5.7453998e-01  -8.1320632e-01  -1.2327206e+00   1.1092529e+00  -1.4164141e+00
  -8.7976842e-01   3.4423596e-01   8.1090697e-01  -4.8343345e-02   1.1552050e+00  -6.1578428e-01   5.9178101e-01   1.4554742e-01  -9.8863414e-02  -8.2518762e-01   9.8382795e-01  -4.3093418e-01
  -1.5562919e+00   2.1223921e-01   7.6069957e-01  -9.2571604e-01   7.5334713e-01  -6.6460303e-01   6.2323166e-01   1.1605004e-01   2.2755529e-02  -3.9510027e-01   1.5018035e+00  -3.9916625e-01
  -1.1907652e+00   7.3701056e-01   9.6060679e-01  -1.0137966e+00   7.6361791e-01  -1.0055402e+00   6.7894204e-01   2.6803311e-01  -1.6214306e-01  -6.8875936e-01   7.0297530e-01  -5.5500496e-01
  -8.6775984e-01   6.9012634e-01   9.2572628e-01  -6.7935080e-01   8.9818321e-01  -6.6842747e-01   1.0331987e+00   5.0124732e-01  -2.2890870e-01  -4.5070350e-01   1.0590983e+00  -4.0354993e-01
  -1.6915783e+00  -1.9989682e-01  -1.5670566e-01  -8.4779014e-01   6.0253860e-01  -1.3621185e+00   4.5198151e-02  -2.1458321e-01  -8.1855455e-01  -9.8671931e-01   7.1979920e-01  -8.4108995e-01
  -4.4889821e-01   6.4673361e-01   1.3209663e-01  -6.3119576e-01   9.4974237e-01  -8.6178482e-02   3.4577101e-01  -5.0359778e-01  -8.6074875e-01  -1.1892880e+00   2.5954730e-01  -9.5007905e-01
  -9.6920611e-01   6.0705959e-01   5.2009330e-01  -5.6703477e-01   1.6218668e-01  -1.2812906e+00   5.1330753e-01  -7.2560744e-01  -7.2462894e-01  -8.6564391e-01   2.3168944e-01  -1.0109848e+00
  -1.4343786e+00  -1.5137909e-01  -2.3078680e-01  -8.6096535e-01   9.9913241e-02  -8.0027139e-01   4.2975122e-01   5.1747915e-01  -8.0800522e-02  -5.5260514e-01   7.1604291e-01  -6.6877919e-01
  -1.8693423e+00   3.9534785e-01  -1.5226731e-01  -3.4071308e-01   3.2163027e-01  -6.1801808e-01   2.3994037e-02  -3.8119918e-01  -6.0467831e-01  -9.0449205e-01   4.0288901e-01  -1.0701454e+00
  -4.6352229e-01   1.0934393e+00   2.2084363e-02  -6.6232449e-01   6.5354755e-01  -4.1309154e-01   4.1380197e-01   1.7909504e-02  -2.6426513e-01  -1.2889974e+00   4.5291401e-01  -6.9768245e-01
  -4.8664152e-01   8.3721229e-01   1.7300780e-02  -3.0583552e-01   5.0974387e-01  -6.9479579e-01   7.5114226e-01  -3.7407090e-01  -9.7233421e-01  -1.0151315e+00   6.5127664e-01  -5.3659747e-01
  -8.3150932e-01   4.6170780e-01  -3.0634381e-01  -6.4047762e-01   2.6517419e-01  -8.0854248e-01  -2.8291524e-02  -3.3684301e-01  -3.3630284e-01  -1.2186852e+00   6.2256540e-01  -6.3031736e-01
  -1.5045005e+00  -7.9580788e-02  -2.5310488e-01  -4.6780396e-01   6.7415392e-01  -4.3250658e-01   1.1656781e+00   2.8671259e-01  -5.4373316e-01  -1.4782387e+00   3.4553716e-01  -7.4073460e-01
  -1.2206676e+00  -1.2854347e-01  -1.0287600e+00  -1.0976252e+00   5.5120079e-01  -7.4871755e-01   3.8308486e-01   2.6835798e-01  -2.9133954e-01  -1.0202101e+00   1.0376897e+00  -7.4009171e-01
  -4.1942565e-01   2.1524490e-01   2.0126110e-01   2.9742025e-01   7.1533189e-01  -1.2191008e-01   6.6151190e-01   4.8912528e-01  -2.0827112e-01  -9.7683092e-01   1.0251993e+00  -7.9696171e-01
  -2.9620654e-01   5.9274438e-01  -5.2697159e-02  -2.9268427e-01   2.3689326e-01  -5.1500349e-01   7.7942764e-01  -3.8629297e-02  -5.3509885e-01  -5.2035598e-01   7.9243196e-01  -6.6506061e-01
  -1.1340512e-01   5.1804477e-01  -3.0222412e-01  -6.1372553e-02   5.4045520e-01  -7.7604925e-01   5.8327755e-01  -1.4444400e-01  -1.3766451e-01  -9.5931517e-01   7.7363197e-01   5.3834933e-02
  -8.4067422e-01   2.4396975e-01  -3.3056378e-01  -7.1625398e-01  -1.1774327e-01  -1.2163469e+00   3.0556347e-01   1.0679995e-03  -4.7618542e-01  -1.1035644e+00   2.5528037e-01  -5.3887235e-01
  -1.1784232e+00   2.2682930e-01  -9.1994480e-01  -4.8793306e-01  -5.7064008e-02  -7.3416351e-01   1.9513953e-01   5.1407558e-01   4.1612600e-01  -4.7711875e-01   8.4548147e-01  -4.5375214e-01
  -3.9060461e-01   8.5255766e-01  -7.5249295e-01  -4.4311537e-01   3.6182567e-02  -8.0205695e-01   6.2358859e-01   8.1749884e-01   1.0975069e-01  -7.1431903e-01   4.9664650e-01  -2.8761096e-01
  -4.4609752e-01   1.0027208e+00  -6.5486076e-01  -2.9974064e-01   8.0292231e-03  -1.2233149e+00  -5.8482384e-03   1.3486341e-02  -4.2849610e-01  -7.2579071e-01   8.6983882e-01  -4.7818146e-01
  -5.4288488e-01   6.2928765e-01  -7.9519029e-01  -1.5868778e-01   6.0976785e-01  -8.9403727e-01   1.8426089e-01   4.9436684e-02  -2.0396011e-01  -9.2303573e-01   1.5440445e-01  -1.2489716e+00
  -2.3464034e-01   1.2705234e+00  -3.8926635e-01   3.9592759e-01   7.1000992e-01  -5.6431326e-01   3.5219336e-01  -7.7983556e-02  -8.3949837e-01  -8.5159435e-01   5.5701350e-01  -7.9935931e-01
  -1.8584584e+00   1.0621972e+00  -7.1681854e-01   2.6811595e-02   7.5094750e-01  -1.7669397e-01   1.5727753e-01  -3.4649004e-01  -6.1903144e-01  -6.5727215e-01   7.1075778e-01  -5.0369259e-01
  -1.7245098e+00   1.5918318e+00  -6.7245399e-01   3.4947920e-01   1.3450522e+00  -2.6559488e-01  -4.0648632e-01   6.2546281e-01  -7.3283320e-01  -8.2489659e-01   4.9983133e-01  -7.0381857e-01
  -3.8783998e+00   1.9467503e+00   6.8381072e-02  -4.6278120e-01  -2.5210906e-02  -1.6859004e-01  -8.0539671e-01   1.7771541e-01  -8.1044779e-01  -8.4394484e-01   4.7349415e-01  -5.0512986e-02
  -3.7671191e+00   1.5423547e+00  -8.6939009e-01  -3.1159564e-01   6.8117240e-01  -2.7170048e-01  -5.9017014e-01   7.0562974e-01  -8.6812317e-01  -8.6627227e-01   2.4896260e-01  -7.9555956e-01
  -2.2020024e+00   1.3448527e+00  -3.3288360e-01  -1.0521047e-01   6.7007268e-01  -1.0150627e+00   4.3904372e-02   9.3471980e-01  -5.1622121e-01  -1.2714517e+00   1.4978482e-01  -8.4890200e-01
