  -1.8721381e+00   1.6628752e+00  -6.7338534e-01  -3.1031299e-01   5.1440921e-01  -4.0919893e-01  -2.2823470e-02   2.9001212e-01  -4.3836498e-01  -7.5446722e-01   9.5980343e-01  -2.9337407e-01
  -1.3443295e+00   1.2162999e+00  -5.9382286e-01   2.5518958e-01   8.1224280e-01   3.9939704e-01   6.5085769e-01   3.1661227e-01  -8.5710965e-01  -1.7748509e+00   3.7167911e-02  -7.6850315e-01
  -1.0422418e+00   1.7248435e+00  -9.4390989e-03   1.6793500e-01  -7.2359072e-03  -1.1157066e+00   1.7548707e-01   4.3315359e-01  -1.0829068e-01  -2.9884592e-01   7.3898481e-01  -6.0921817e-01
  -1.4993738e+00   1.0704823e+00  -8.9504004e-01  -3.6536543e-01  -6.1695376e-01  -3.1549223e-01   2.9076516e-02  -8.2471416e-02  -4.1843211e-01  -8.2962338e-01   2.7287416e-01  -4.0843811e-01
  -1.0205429e+01   4.8580515e+00  -7.4770388e-02  -1.9846547e+00   1.9101179e+00  -7.2804135e-01   4.1970675e-01   8.0880597e-01  -4.6282980e-01  -1.6898480e+00   1.6410209e+00  -1.0579750e+00
  -4.0747705e+00   1.3729520e+00  -7.6593918e-01  -7.4424003e-01  -4.0224170e-01  -1.1445174e+00  -4.7666661e-01   2.5334595e-01  -3.5078980e-01  -8.3737106e-01   8.3040245e-01  -3.5622739e-01
  -3.8237845e+00   1.0293205e+00  -2.7913561e-01  -9.6136536e-01   8.3604605e-01  -1.0373101e+00   6.9000038e-01   6.8289945e-01  -3.0884552e-02  -7.2452151e-01   1.4018085e+00  -6.7937950e-01
  -2.8199660e+00   2.0409126e+00  -1.2628562e-01  -7.7300529e-01  -1.3931604e-01  -4.7088366e-01   2.0538505e-01   2.4010037e-01  -2.6675094e-01  -7.5930541e-01   7.0139195e-01  -9.0004231e-01
  -2.8164614e+00   5.5561088e-01   5.7916572e-01   5.0440740e-01   8.8161787e-04  -1.2576355e+00   4.9167812e-01   1.7883202e-01  -1.2039670e+00  -5.3311543e-01   7.5860076e-01  -1.3001036e+00
  -4.2150967e+00  -3.9527024e-01   6.0470434e-01  -2.9952266e+00   3.6582336e-01  -2.2672967e+00   1.7262177e+00   4.0529776e-01  -1.1049510e+00   6.7612456e-03   2.2051196e+00  -1.0807529e+00
  -4.2034638e-01   1.0842569e+00   2.1060906e+00  -6.4529542e-01  -8.9618301e-01  -2.7582972e+00   1.1587870e+00   4.8704283e-02  -1.0267854e+00  -8.1192276e-01   2.3275166e+00  -1.5280260e+00
   1.9398479e+00   1.4288560e+00   3.2951055e+00  -1.4686397e+00  -1.1813831e+00  -3.4652712e+00   1.2004471e-01   5.5693792e-01  -1.1872935e+00   1.2064603e-01   1.6697205e+00  -1.8588395e+00
   2.2610029e+00   8.5874806e-01   2.4725526e+00  -1.4184437e+00  -1.5184619e+00  -3.4963872e+00  -4.8307384e-01   9.2147057e-01  -4.8235097e-01   1.6042508e-01   1.1212509e+00  -2.5075211e+00
   1.9895769e+00   1.3901026e+00   2.6188332e+00  -6.0189326e-01  -1.3826424e+00  -2.8532820e+00   4.7675416e-01   9.4692785e-01  -1.7626876e+00  -1.2575253e-01   7.2369417e-01  -1.3952564e+00
  -1.4630535e+00   3.7881130e+00   1.7731765e+00  -2.1155478e+00   4.9097615e-01  -3.0369483e+00   9.5927184e-01   7.6714686e-01  -5.3093053e-01  -5.2927484e-01   3.2795652e-01  -1.8552465e+00
   5.6341771e-01   2.2938719e+00   8.7878473e-01  -6.5893611e-01  -2.3397286e-01  -1.6007337e+00   7.4257274e-01   6.4316425e-01  -4.1741733e-01  -9.5375843e-01   1.0953488e+00  -9.9707697e-01
  -2.9462011e+00   1.3497080e-01  -5.1777216e-02  -6.6185382e-01   2.4352667e+00  -4.3872922e+00   6.7030618e-01  -2.7430736e-01  -8.3294368e-02  -1.2427242e+00  -7.6036890e-02  -1.1833457e+00
  -2.9476548e+00  -1.7752369e+00   6.2536620e-01  -1.5348758e+00   4.9728876e-01  -3.2243068e+00  -5.2066961e-01   4.4052342e-02  -1.5258756e+00  -1.4000055e+00   2.3919501e-01  -1.0665769e+00
   1.9121091e+00   1.8688631e+00   3.4680484e+00  -2.1119012e-01  -1.2276359e+00  -3.3214335e+00  -4.8407099e-01  -2.1200864e-01  -5.7165726e-01   8.2306957e-02   4.4061039e-01  -1.2717724e+00
   1.6044411e+00   3.2144619e+00   3.0355806e+00  -7.6518206e-01  -1.5860087e+00  -3.3302318e+00  -1.5927695e-01  -5.7806974e-01  -1.2381830e+00   6.6722017e-01   9.6764542e-01  -1.6653827e+00
   1.6055603e+00   3.8258460e+00   1.5971340e+00  -1.1024619e-01  -3.5913438e-01  -2.5423872e+00   5.1154622e-02   6.9588472e-02  -7.9064782e-01  -9.3304443e-01   1.1021071e+00  -9.5481158e-01
  -8.8971515e-02   2.4728161e+00   1.6056311e+00   3.6241385e-01   2.1593833e-01  -6.1378475e-01   6.4579191e-01  -3.8172373e-01  -1.1553511e+00  -3.2966551e-01   3.3679023e-01  -1.9408240e+00
  -2.8933954e-01   3.2999370e+00   1.6766699e+00   7.3756724e-01   1.7830236e+00  -3.3920586e-01  -2.4821336e-01  -5.6840313e-01  -8.5345492e-01  -1.2860451e-01   1.0465353e+00  -1.6452853e+00
   4.7841484e-01   3.5079831e+00   2.0581304e+00  -3.9953999e-01   1.5234413e+00  -1.5005461e+00  -6.3068700e-01  -8.8057952e-01  -5.7977086e-01  -4.6022713e-01   8.9446738e-01  -1.6210888e+00
   6.2313040e-01   2.1804634e+00   2.3048674e+00  -6.9985766e-01   3.3359988e-01  -2.3151343e+00   1.6524753e-01  -6.3075595e-01  -8.6736387e-01   9.1657263e-01   1.4970863e+00  -1.8501898e+00
  -2.4659188e-03   1.6885646e+00   2.7140019e+00  -1.0679341e+00  -9.0602117e-02  -2.5448021e+00   4.0109149e-01  -1.5115471e-01  -1.5359651e+00   3.5875780e-01   2.0257990e+00  -1.4643003e+00
  -6.3905205e-01   2.4900842e+00   1.4095297e+00   7.7279268e-01   8.2512392e-01  -1.7473988e+00  -9.7791846e-01  -8.7761073e-01  -1.1160365e+00  -9.1075104e-01   1.2604919e+00  -1.3706721e+00
  -4.3474403e-01   2.5057644e+00   9.9963955e-01   3.0975059e-01   8.9511353e-01  -8.2910604e-01   7.9106255e-01   2.8842607e-01  -3.1144924e-01  -1.4648452e+00   5.9438907e-01  -1.0411404e+00
  -6.6869959e-01   1.6849271e+00   6.5186284e-01   2.4800189e-01   2.8247740e-01  -1.6437974e+00  -7.1940177e-02  -1.1466104e-01  -5.8663909e-01  -9.9591340e-01   8.6935504e-01  -8.1074991e-01
  -3.8252063e+00  -1.0873051e+00   1.5118561e+00  -4.8413419e-01   5.9580534e-01  -1.8942355e+00   2.6369477e-01   4.2012932e-01  -1.0067416e+00  -7.8015159e-01   1.4555622e+00  -7.8815096e-01
  -8.3647322e-01   2.3916195e-01   1.7395204e+00  -8.3382181e-01   2.1608911e+00  -1.4343931e+00   1.0583887e+00  -9.8901617e-01  -1.6928628e+00  -1.1152581e+00  -3.5613539e-03  -5.5097450e-01
  -9.4884348e-01   5.5866424e-02   3.0424708e+00  -1.1573033e+00   1.9876375e+00  -1.1475470e+00   7.4346063e-01  -2.2393282e+00  -2.3114223e+00   2.8780110e-02   1.2110717e+00  -2.8189746e-02
  -1.4563943e+00   9.0152213e-01   3.1019050e+00  -8.9193784e-01   2.7173870e+00  -9.5802158e-01   6.8166437e-01  -1.7330921e+00  -2.1599226e+00  -2.1805971e-01   1.2671795e+00  -3.5831282e-01
  -1.0797799e+00   7.7271096e-01   2.6030226e+00  -4.1820462e-01   2.7203364e+00  -6.0480924e-01   7.0333784e-01  -1.1017230e+00  -1.5797452e+00  -5.4531808e-01   1.3648475e+00  -3.8738683e-01
  -4.9052783e+00   4.4569064e-01   1.2435999e+00   7.0813757e-01   2.8829425e+00  -9.3019795e-01   1.3888918e-01  -5.7250919e-01  -5.6433588e-01  -9.7941641e-01   1.3338771e+00  -8.3379132e-01
  -7.3672124e+00  -8.3536987e-01   1.2585430e+00  -6.4723711e-01   1.9782100e+00  -1.1716236e+00   1.3163534e-01  -8.0692109e-01  -4.8584993e-01  -9.1736614e-01   1.0100923e+00  -4.9732119e-01
  -7.0529620e+00  -1.2759990e+00   5.4267298e-01  -2.7100834e-01   2.0760262e+00  -6.5015802e-01   1.7811900e-01  -8.4851979e-01  -6.9971915e-01  -8.8155273e-01   8.5492213e-01  -1.0857758e+00
  -7.4172372e+00  -1.5424742e+00   5.8605247e-01  -5.9873179e-01   1.5248611e+00  -9.9782469e-01   9.2600430e-02   6.9815277e-03  -2.4132436e-01  -8.0590908e-01   8.7717537e-01  -1.2139991e+00
  -7.3966055e+00  -1.1381473e+00   1.4048397e+00  -9.8739817e-01   1.2928437e+00  -1.1099928e+00   5.0724053e-01  -6.0220250e-01  -2.6214417e-01  -1.1575538e+00   1.0415118e+00  -1.2998469e+00
  -7.4882934e+00  -9.0391068e-01   4.1104838e-01  -1.2491437e+00   1.4117822e+00  -1.2326342e+00   1.3189414e-01  -2.5809022e-01  -3.4527060e-01  -1.0480443e+00   1.1711324e+00  -6.9384914e-01
  -7.7644331e+00  -1.0422196e+00   8.0147558e-01  -7.1883872e-01   1.9343207e+00  -7.3762085e-01   8.2300875e-01  -2.4990470e-02   1.8604747e-01  -1.3525646e+00   5.4988708e-01  -9.0662468e-01
  -7.0112113e+00  -1.3993519e+00   7.8032267e-01  -9.3557164e-01   1.0294555e+00  -1.0225308e+00   5.7844258e-01  -7.8157231e-02  -3.4426054e-01  -1.1614775e+00   9.0766518e-01  -1.5716102e+00
  -6.9359331e+00  -1.6442106e+00   4.7390553e-01  -6.9965150e-01   1.1055463e+00  -1.1030501e+00   7.7557971e-01   2.2204009e-01   6.2078104e-01  -9.2416000e-01   8.6780826e-01  -6.0665330e-01
  -5.9157188e+00  -4.4458283e-01   1.1327530e-01  -4.4717948e-01   7.3925108e-01  -8.5411648e-01   3.4946264e-01  -1.1912697e+00  -7.2877349e-01  -7.6661116e-01   1.3652352e+00  -7.7911684e-01
  -3.5804856e+00   5.7467343e-01   2.7749996e-01  -1.6253547e-01   1.0488339e+00  -9.9471209e-01   9.3358803e-01  -2.5976500e-01  -3.4483600e-01  -1.1006876e+00   5.8976038e-01  -1.1313798e+00
  -2.1878535e+00   1.3276912e+00   5.1360157e-01  -2.5633065e-01   6.7052630e-01  -6.5051253e-01   3.1705374e-01  -4.8306109e-01  -5.9214033e-01  -1.3108097e+00   9.9760544e-01  -7.8847572e-01
  -2.5273462e+00   1.7805982e+00   6.7731375e-01   9.2475448e-02   1.2777171e+00  -4.2313740e-01   5.7398400e-01  -5.9894016e-01  -5.0671183e-01  -9.9223109e-01   9.8807579e-01  -5.7828910e-01
  -2.8968969e+00   1.6737904e+00   5.3460182e-01   1.3707371e-01   5.4992485e-01  -8.9046760e-01   3.5440102e-01  -2.5663957e-01   1.6421332e-01  -7.6258792e-01   1.3283738e+00  -5.0008383e-01
  -3.1754615e+00   1.1241986e+00  -2.1199462e-01  -1.0557963e-01   1.2896884e+00  -2.7251250e-01   1.2474197e+00  -2.1557920e-02  -9.0403913e-02  -1.2690960e+00   8.9479426e-01  -8.1853423e-01
  -3.0702365e+00   2.1164080e+00   5.7476588e-01  -9.8391486e-02   8.1131458e-01  -2.1374767e-01   8.3229563e-01  -1.6617169e-01  -6.3268681e-01  -1.3030112e+00   3.2506870e-01  -6.9983824e-01
  -3.4107599e+00   8.2121883e-01   1.1599435e-02   4.2333995e-02   7.7337434e-01  -9.6275970e-01   6.9020746e-01  -5.3513107e-01  -6.5226200e-01  -8.9243692e-01   8.4705470e-01  -5.9010082e-01
  -3.0343243e+00   1.0312728e+00  -7.5372316e-02  -6.6671077e-01   8.6689367e-01  -9.7904103e-01   1.9395262e-01  -1.1627810e-01   3.9441916e-01  -6.6962235e-01   1.3966540e+00  -2.2630069e-01
  -2.6049482e+00   1.6589067e+00   1.4289764e-01  -3.3990195e-01   9.1473899e-01  -2.2909431e-01   8.4523763e-01   4.4803565e-02  -4.0256166e-01  -1.1766562e+00   4.8977968e-01  -6.6175427e-01
  -2.5816705e+00   1.2353504e+00  -8.6805359e-02  -3.6491377e-01   7.7798413e-01  -6.0320377e-01   1.3590715e+00  -1.9451783e-01  -2.4465034e-02  -1.0115721e+00   6.1385657e-01  -7.8208014e-01
  -1.8919533e+00   1.4157838e+00  -3.1408016e-01  -6.8084522e-01   1.3216017e+00  -5.0137008e-01   1.2093623e+00   7.3010854e-01   4.5789874e-01  -8.1542681e-01   7.6427147e-01  -9.6183899e-01
  -1.9072687e+00   7.4417778e-01  -2.5208963e-01  -8.0012356e-01  -1.0530026e-01  -8.7345886e-01   1.0437512e+00  -1.5227410e-01  -2.1201714e-01  -9.1659607e-01   1.0257193e+00  -7.5163511e-01
  -2.8836195e+00   1.2480114e+00   1.2592380e-01  -2.2631615e-01   2.1561367e-01  -1.0843402e+00   1.4697385e-01  -6.6562123e-01  -9.2230902e-01  -1.3045809e+00   6.2839032e-01  -1.0541231e+00
  -3.5538940e+00  -3.1780563e-01   1.5494430e+00  -9.1792312e-01  -1.2166107e-01  -2.4573513e-01   1.5754187e-01  -3.4070774e-01  -9.3804347e-01  -1.1326193e+00   1.2543715e+00  -1.3438359e+00
  -2.5968682e+00   8.1253632e-01   1.5750439e-01  -1.4823923e-01   2.4165375e-01  -4.7976201e-01   3.7926304e-01  -6.6080368e-01  -7.3606151e-01  -4.0752061e-01   4.4921959e-01  -9.7877269e-01
  -2.7262886e+00   8.1076421e-01   6.6950580e-02  -8.3619959e-01  -1.4805798e-01  -1.0236002e-01   8.3553111e-01  -9.4043390e-02  -2.0239225e-01  -9.7531842e-01   6.6239849e-02  -1.6912242e+00
  -2.6722227e+00   1.5954108e+00   1.8876549e-01   1.4758542e-01  -8.6133567e-02  -5.9353474e-01   1.8593500e-01   4.4874390e-02  -3.4400808e-01  -4.4409789e-01   3.1434422e-01  -1.2529490e+00
  -1.5572715e+00   1.5577306e+00  -3.0987199e-01  -1.4586034e-01   3.1338312e-01  -4.0625554e-01   4.5057337e-01  -2.2597391e-02  -3.7205015e-01  -4.5816604e-01   5.5160165e-01  -4.8354227e-01
  -2.7762662e+00   1.3177467e+00  -3.8411625e-01  -8.0734087e-01   2.2938749e-01  -3.2882253e-01   6.5788304e-01  -1.4186696e-01   1.0683007e-01  -1.0153588e-01   8.6393779e-01  -5.5075160e-01
  -2.3921048e+00   1.5870454e+00  -6.2398526e-01  -5.5107672e-01   6.1306144e-01  -5.5245515e-01   6.0506097e-01  -3.4609241e-01  -4.4232316e-01  -3.8708488e-01   2.9978475e-01  -8.5504559e-01
  -1.3709395e+00   1.5102885e+00  -7.0205681e-01  -1.9720611e-01   9.0256292e-01   3.0730721e-01   8.6795348e-01   1.4746826e-01  -6.5787859e-01  -1.0549305e+00   3.1952005e-01  -7.4918592e-01
  -2.2154413e+00   1.7852421e+00   1.4396736e-01   1.2913534e-01   6.2758369e-01  -1.0478047e+00   5.7857912e-01   2.2486698e-01   1.1758970e-01  -3.0140325e-01   7.8126062e-01  -9.1031584e-01
  -2.2223442e+00   1.1266779e+00  -1.9362623e-01  -2.2251292e-01   3.2384382e-01  -5.9783597e-01   7.9292691e-01   2.6501446e-01   7.6635919e-02   2.1910224e-02   1.2155471e+00  -1.8680175e-01
  -2.5163847e+00   1.0636924e+00   6.4086133e-02  -1.3967277e-01   7.7069852e-01  -3.6051241e-01   7.1276714e-01   5.8737711e-01  -6.3216788e-01  -9.2566081e-01   7.8388076e-01  -4.4842566e-01
  -1.5803110e+00   1.4443293e+00   3.1705608e-02  -1.7317813e-01   5.8243862e-01  -3.9499173e-01   1.0627271e+00   4.7299562e-01  -1.6397608e-01  -7.7683947e-01   3.6825990e-01  -1.1169576e+00
  -1.8640472e+00   1.0763188e+00  -4.5964457e-01  -3.4892241e-01   6.0800064e-01  -5.2183722e-01   6.8012889e-01   3.9849193e-01  -5.3011674e-01  -7.1709504e-01   7.8438908e-01  -7.7749828e-01
  -2.0160889e+00   1.3871471e-01  -6.3406760e-01  -4.9751200e-01   6.9146445e-01  -8.1895542e-01   7.6284190e-01   4.1327301e-01  -3.4134925e-02  -7.4141635e-01   6.8152600e-01  -8.6240726e-01
  -2.4324548e+00   2.7232228e-01  -8.0782616e-01  -9.9711934e-01   3.2339968e-01  -9.5697165e-01   5.3139826e-01   9.7462954e-02  -1.7671302e-01  -6.5458795e-01   1.1299262e+00  -6.7718691e-01
  -1.9482979e+00   1.7481035e+00   6.6852333e-03  -3.5271661e-01   2.2348128e-01  -6.4132603e-01   6.0816382e-01   3.3624311e-02  -3.8199588e-01  -6.1875477e-01   9.1776960e-01  -6.8935355e-01
  -2.5345020e+00   1.2535022e+00  -2.8490932e-01   3.6468068e-02   1.2869566e+00  -2.2169429e-01   4.2168377e-01   5.2592658e-01  -5.4863370e-01  -7.9813026e-01   5.7193254e-01  -7.4463187e-01
  -1.1784232e+00   2.2682930e-01  -9.1994480e-01  -4.8793306e-01  -5.7064008e-02  -7.3416351e-01   1.9513953e-01   5.1407558e-01   4.1612600e-01  -4.7711875e-01   8.4548147e-01  -4.5375214e-01
  -3.9060461e-01   8.5255766e-01  -7.5249295e-01  -4.4311537e-01   3.6182567e-02  -8.0205695e-01   6.2358859e-01   8.1749884e-01   1.0975069e-01  -7.1431903e-01   4.9664650e-01  -2.8761096e-01
  -4.4609752e-01   1.0027208e+00  -6.5486076e-01  -2.9974064e-01   8.0292231e-03  -1.2233149e+00  -5.8482384e-03   1.3486341e-02  -4.2849610e-01  -7.2579071e-01   8.6983882e-01  -4.7818146e-01
  -5.4288488e-01   6.2928765e-01  -7.9519029e-01  -1.5868778e-01   6.0976785e-01  -8.9403727e-01   1.8426089e-01   4.9436684e-02  -2.0396011e-01  -9.2303573e-01   1.5440445e-01  -1.2489716e+00
  -2.3464034e-01   1.2705234e+00  -3.8926635e-01   3.9592759e-01   7.1000992e-01  -5.6431326e-01   3.5219336e-01  -7.7983556e-02  -8.3949837e-01  -8.5159435e-01   5.5701350e-01  -7.9935931e-01
  -1.8584584e+00   1.0621972e+00  -7.1681854e-01   2.6811595e-02   7.5094750e-01  -1.7669397e-01   1.5727753e-01  -3.4649004e-01  -6.1903144e-01  -6.5727215e-01   7.1075778e-01  -5.0369259e-01
  -1.7245098e+00   1.5918318e+00  -6.7245399e-01   3.4947920e-01   1.3450522e+00  -2.6559488e-01  -4.0648632e-01   6.2546281e-01  -7.3283320e-01  -8.2489659e-01   4.9983133e-01  -7.0381857e-01
  -3.8783998e+00   1.9467503e+00   6.8381072e-02  -4.6278120e-01  -2.5210906e-02  -1.6859004e-01  -8.0539671e-01   1.7771541e-01  -8.1044779e-01  -8.4394484e-01   4.7349415e-01  -5.0512986e-02
  -3.7671191e+00   1.5423547e+00  -8.6939009e-01  -3.1159564e-01   6.8117240e-01  -2.7170048e-01  -5.9017014e-01   7.0562974e-01  -8.6812317e-01  -8.6627227e-01   2.4896260e-01  -7.9555956e-01
  -2.2020024e+00   1.3448527e+00  -3.3288360e-01  -1.0521047e-01   6.7007268e-01  -1.0150627e+00   4.3904372e-02   9.3471980e-01  -5.1622121e-01  -1.2714517e+00   1.4978482e-01  -8.4890200e-01
