  -1.0291723e+01   8.7700734e-01   2.0770997e+00   2.5116894e+00   1.7776935e+00   1.6234259e+00   1.8154918e+00   6.8836319e-02   3.2891659e-01   1.3785685e-01   5.0293987e-01   2.9545127e-01
  -1.0057308e+01   3.5929716e-01   2.3486007e+00   2.5416114e+00   1.4798823e+00   1.4616781e+00   1.5659030e+00   1.6037677e-01   4.6157846e-01   2.5192271e-01   7.0451510e-03  -2.6559806e-02
  -1.0603728e+01   1.1166434e+00   2.5422509e+00   1.6363036e+00   1.3554549e+00   1.5617349e+00   1.4506949e+00   5.2167215e-02   5.0290637e-01   5.7908379e-01   7.2548894e-01   6.1525695e-01
  -1.0636402e+01   6.4389480e-01   2.1742827e+00   1.4551072e+00   1.4065525e+00   1.2383307e+00   8.2804108e-01  -1.4005673e-01   5.5924138e-01   5.1818425e-01   2.5007860e-01   2.6075862e-01
  -1.0256526e+01   3.9842848e-01   1.9616338e+00   2.1623570e+00   1.9345158e+00   1.2382612e+00   1.2205095e+00  -1.0277094e-01   8.8281357e-01   8.2416891e-01   2.0900944e-01  -1.9531417e-01
  -9.4234066e+00   7.7717131e-01   1.7232184e+00   1.6372974e+00   1.6181713e+00   9.6796008e-01   9.4460650e-01  -1.0014748e-01   8.1142105e-01   4.8496891e-01   4.6370449e-01  -7.6000610e-02
  -1.0144307e+01   7.6330066e-01   2.1228557e+00   1.9415227e+00   1.5534302e+00   1.5194352e+00   1.5485539e+00   5.1819184e-01   4.4103043e-01   6.3404594e-01   4.8247303e-01  -4.5660021e-02
  -9.0024898e+00   4.4171942e-03   1.6866884e+00   1.7167534e+00   1.8566586e+00   2.0536108e+00   1.9688961e+00   9.0785280e-01   1.1121120e+00   4.6338787e-01   2.3780826e-01   8.8324004e-02
  -9.0942702e+00  -3.0899837e-01   9.2437793e-01   7.7741511e-01   9.4729451e-01   1.4316358e+00   1.5585454e+00   4.2553494e-01   8.1042344e-01   3.1237930e-01   3.5308327e-01  -1.2383624e-02
  -7.6574345e+00   5.2544317e-01   1.4710877e+00   9.6837413e-01   1.1531068e+00   1.4087506e+00   9.3908138e-01  -3.8352760e-01   1.6714753e-01  -1.2819864e-01  -3.5803132e-01   3.9306186e-01
  -8.0497295e+00  -2.8769627e-01   2.1507696e-01   1.3754490e-01   8.2649821e-01   1.4037624e+00   2.6803501e-01  -6.3435149e-01   1.4717564e-01   1.9268891e-01  -4.8559463e-01   2.0686023e-01
  -8.7682391e+00  -3.7863975e-01   9.8728434e-01   2.5828239e-01   1.2680357e+00   2.6635614e+00   1.6749342e+00  -6.0498981e-01  -3.7351475e-01  -4.7152383e-02   9.7722262e-02   1.8195840e-02
  -7.7850754e+00   2.3919458e-01   1.3056430e+00   1.4063989e+00   1.4890251e+00   1.6847638e+00   1.1554285e+00  -1.7360166e-01   4.0880738e-01   6.5500795e-01   4.5288565e-01   1.1568538e-01
  -7.4467279e+00   8.4029139e-01   2.1644421e+00   1.2850981e+00   1.4479655e+00   1.7873772e+00   1.5432954e+00   2.0625004e-01   4.4542576e-01   1.2069509e+00   3.2919996e-01   3.1038509e-02
  -8.1897192e+00  -3.4529032e-01   1.4778273e+00   9.3560713e-01   1.1587445e+00   1.8961871e+00   1.4190253e+00   1.7624747e-01   6.4013116e-01   9.1521975e-01  -3.9942023e-02   3.0558554e-01
  -6.9412575e+00  -4.5177444e-01   1.0510739e+00   1.0309285e+00   5.1135993e-01   4.8361857e-01   5.6969596e-01   6.1314160e-01   7.8692200e-01   8.5064927e-01   3.6008025e-01   2.5254638e-01
  -1.1721526e+00  -8.2639526e-01  -8.4102058e-01   9.7607371e-01  -1.5073001e+00  -2.5996291e+00   2.1977827e-01   2.0546438e+00   1.2632166e+00  -9.8083279e-01  -6.1109553e-01   8.8045486e-01
   2.2268910e+00   7.5271433e-01  -7.5670035e-01   5.0144038e-01  -1.5632646e+00  -1.8239848e+00  -9.2820467e-02   1.2838022e+00   1.3045875e+00  -1.1382684e+00  -4.9694627e-03   7.6057259e-01
   1.1770338e-02   9.1617704e-01  -1.0847574e+00   1.0720882e+00  -2.1462969e+00  -1.1291157e+00   3.3951593e-01   4.4704107e-01   1.4377214e+00  -1.2964668e+00  -3.7468383e-01   9.0998882e-01
   2.3452435e-01   6.5174311e-01  -2.6920975e-01   4.9073322e-01  -1.7307948e+00  -1.0996194e+00   7.4061502e-02   1.0767487e-03   4.1756378e-01  -1.3684618e+00  -2.1761580e-01   4.8626142e-01
  -6.2033466e-01   2.0874322e+00   8.1435188e-01   6.1653216e-01  -4.7791302e-01  -3.3268227e-01   2.9966503e-01   1.7721546e-01   8.0224893e-01  -8.7402820e-01  -2.6617864e-01   6.2894351e-01
  -1.9499310e+00   2.4761282e+00   6.0339201e-01   7.3102008e-01  -8.2069171e-01  -7.1775040e-01   3.2739281e-01   9.6953201e-02   4.3150568e-01  -6.2520384e-01  -6.6852553e-01   2.6265589e-01
  -3.4745393e+00   2.2212562e+00  -4.5565539e-01   4.9221495e-01  -1.4501223e+00  -1.1286481e+00  -8.3210944e-02   2.8581741e-01   6.1443229e-01  -5.7578856e-01  -9.4729907e-01   2.2764243e-01
  -3.8509269e+00   2.1098752e+00  -1.2067176e-01  -8.7174524e-01  -1.5024036e+00  -6.6491843e-01   5.8954153e-01   1.6985898e-01   5.4452758e-01  -1.1354019e-01   1.3091650e-01   8.7533096e-01
  -6.5303395e+00   2.7759916e+00  -4.8535809e-01   1.0555614e-01  -1.3207170e+00   1.5302174e-01   7.8267023e-01  -5.2633713e-01   4.1854438e-01  -9.8528161e-01   2.6471016e-01   1.5016566e-01
   2.4981028e-01  -6.7523528e-01  -2.2526698e+00   6.7081185e-01  -1.1814751e+00  -2.2765531e+00   1.6182377e-01   4.4194689e-02   6.4993223e-01  -1.4517274e+00  -1.0417160e+00   7.0592382e-01
   2.1250429e-01   1.1651270e+00  -1.7138919e+00   1.3869640e-01  -9.4741149e-01  -2.2928563e+00  -1.9436727e-01   3.3964473e-01   6.6789302e-01  -1.0794958e+00  -1.0755032e+00   2.4777094e-01
  -1.8616283e+00   2.1462920e+00   3.7616218e-01   7.4191942e-01   5.8920493e-01  -1.6405480e+00  -3.2565626e-01   2.5140904e-01   6.4521594e-01  -3.9555652e-01  -5.2186471e-01  -3.3542249e-01
  -2.1177952e+00   2.0855703e+00   5.0485857e-01   2.0631762e-01   7.0620474e-01  -9.7619558e-01   5.6045655e-02   3.2355350e-01   8.7373191e-01  -7.0023323e-01  -1.1681361e+00  -3.8927911e-01
  -1.5531646e+00   1.8325742e+00   1.4911732e-01   1.6412658e-01   4.2602992e-01  -4.6060261e-01   3.2225401e-01   4.9889413e-01   6.6494376e-01  -3.7690741e-01  -6.1043021e-01  -5.9392452e-01
  -1.2216994e+00   1.7757522e+00  -1.2757726e-01  -3.9708754e-01  -5.1264532e-01  -1.7642648e+00  -8.9844093e-01   3.5254682e-01   5.5908523e-01  -5.1264023e-01   1.5676554e-01   7.6216817e-01
  -6.5369301e-01   2.1417282e+00  -1.7389732e-01  -9.6482144e-01  -1.1217393e+00  -1.8449900e+00  -1.3592411e-01   6.1610227e-01   8.0555212e-01  -3.6511171e-01  -3.3198807e-01   2.1422546e-01
  -1.0601085e-01   1.8573353e+00  -7.9147624e-01  -1.0300002e+00  -7.8370407e-01  -9.2862992e-01   4.8888168e-01   7.2571514e-01   5.1435957e-01  -8.6316834e-01  -7.6468869e-01   6.0815687e-02
  -9.5912389e-01   2.0089921e+00   2.5632731e-01  -1.6223212e-01  -6.5445378e-01  -1.3638526e+00   9.0075722e-01   6.2080096e-01  -9.3583924e-02  -1.4133619e+00  -1.9336142e-01   4.1567409e-01
  -2.5123463e+00   2.4332231e+00   5.2769283e-01   3.4542498e-01   1.0695846e-02  -7.5113513e-01   8.0178823e-01   8.0044379e-01   1.2506543e+00   1.7475300e-01  -6.6320749e-02   3.5112897e-01
  -3.9408510e+00   2.3351071e+00   5.1741645e-01  -3.1957982e-01  -6.9999575e-01  -7.0165220e-01   7.3488265e-01   2.9242972e-01   7.3299928e-01   2.5470059e-01  -4.2401013e-01   2.0189490e-02
  -3.4488928e+00   2.9465367e+00   4.1743945e-01  -4.4764034e-01  -5.7623605e-01  -6.0961588e-01   8.8419948e-01   2.1724208e-01   6.2173301e-01   4.1391547e-03  -6.0205196e-01  -2.2860046e-01
  -4.2038240e+00   2.0505574e+00   1.1273712e+00   4.8302676e-01  -3.7423664e-01   2.0728443e-02   9.9667784e-01  -6.5882196e-02   3.2488033e-01   6.1761720e-01   1.1667236e-01   3.6368638e-01
  -5.1389295e+00   7.5427162e-01   7.9691845e-01  -9.4560939e-02  -8.2641121e-01  -5.4575227e-03   9.4365811e-01  -2.5501989e-01   5.1840079e-01   3.4792847e-01   9.3428112e-02   4.7934900e-01
  -1.4988749e+00  -1.0396358e+00  -4.1865311e-01   2.1333720e+00   2.1195765e+00  -1.3460374e+00   3.3860960e-01  -1.4631521e+00  -6.7207331e-01  -4.1696808e-01  -3.7899298e-02   6.1617305e-01
  -8.4563989e-01  -7.8793752e-01  -6.2726254e-01   2.5055815e+00   2.2871093e+00  -1.4541570e+00  -2.9937947e-01  -1.0042606e+00  -2.7979594e-01  -7.0021750e-01   4.7582870e-01   4.9603539e-01
  -7.4333815e-01  -1.2711290e+00  -2.2729258e-01   2.4795287e+00   2.6742005e+00  -9.7631351e-01   2.2567661e-02  -9.9707661e-01  -3.1497712e-01  -1.0732758e-01   3.2576915e-01   3.0009759e-01
  -1.2324243e+00  -1.3892350e+00  -3.5005022e-01   2.5587680e+00   2.2229360e+00  -8.3885381e-01  -3.1682878e-01  -9.6710758e-01  -1.1753644e-02  -6.9495345e-02   4.3581611e-01   3.5279286e-01
  -7.5966267e-01  -1.2621233e+00  -8.8093281e-01   2.2327550e+00   2.4392416e+00  -1.1107215e+00  -1.9375221e-01  -1.2214565e+00  -5.1230198e-01  -7.2001222e-03   5.0496848e-02   3.7892601e-01
  -9.2113212e-01   4.3463411e-03  -4.4686387e-01   1.2857894e+00   2.1819342e+00  -1.9012508e-01   3.0563221e-02  -8.7742203e-01  -3.3862055e-01  -9.2076007e-02   4.4391846e-01   5.5090066e-01
  -2.4342900e+00   1.2389538e+00  -8.8124071e-02   2.1955871e+00   2.4483530e+00  -9.2854938e-02  -4.0959003e-01  -1.1248499e+00  -2.8505104e-01   2.3434488e-03   6.0303633e-01   8.9812885e-01
  -3.9249883e+00   2.1631742e-01   2.6683696e-01   1.8328081e+00   2.6843643e+00   1.3480695e+00   2.7055162e-01  -1.2163289e+00   5.5425408e-02   2.8278211e-01   5.0574298e-01   6.0989521e-01
  -6.6579637e+00  -1.4328309e+00  -7.5756569e-02   1.7243486e+00   1.4225906e+00   3.7697431e-01   6.4734097e-02  -1.3584129e+00  -9.3613349e-02  -1.9068454e-01   5.3251031e-01   1.7672643e-01
  -7.6412286e+00  -1.3054225e+00  -6.9470141e-01   1.0206885e+00   1.7095312e-01  -1.9613001e-01  -3.8905741e-01  -1.3061081e+00   4.9432083e-01   4.9927805e-01   5.7065821e-01   8.1175791e-02
  -8.4197319e+00  -1.6111788e+00   8.0145391e-02   1.5137604e+00   6.9207408e-01   1.4605892e-01   3.0729423e-02  -1.1282705e+00   1.9217148e-01  -1.4377935e-01   8.9904430e-01   9.1013461e-01
  -7.9582351e+00  -1.5172837e+00  -4.5719106e-01   9.1762166e-01   1.0799177e+00   1.6935359e-01  -1.8434240e-01  -8.4959906e-01   5.2548655e-01   2.9413583e-01   8.1738420e-01   1.8591485e-01
  -8.5819413e+00  -2.0002752e+00  -7.8462530e-01   1.1469241e+00   5.3227011e-01  -8.8239358e-02  -3.2318358e-01  -1.6550174e+00  -2.7408415e-01   1.7690064e-01   7.8585339e-01   2.8956914e-02
  -8.1680384e+00  -2.3563065e+00  -1.3906129e+00   1.0389122e+00   1.1745488e+00   1.9562800e-01  -8.5345577e-02  -1.4131533e+00  -3.6058102e-01   1.1779252e-01   1.0492482e+00   6.0196673e-01
  -6.7070191e+00  -6.3851014e-01  -1.4052675e-01   1.0835086e+00   8.1576926e-01  -1.3190064e-02  -2.3227240e-01  -1.1294589e+00   4.2244262e-01   6.8589110e-01   9.9228448e-01   7.1025057e-01
  -5.8285690e+00  -4.6593170e-01  -3.3080144e-01   1.1471379e+00   1.0738247e+00   4.7778495e-01   4.2279568e-01  -1.0430700e+00   4.3467058e-01   1.0389063e+00   5.7924763e-01   6.2020094e-01
  -6.7758247e+00  -1.4335564e-01   3.6577197e-01   8.2927410e-01   3.0796774e-01   3.2582230e-01   4.3426468e-01  -1.0547132e+00  -8.2882819e-02   6.1305305e-01   9.4917183e-01   8.9002982e-01
  -7.7260254e+00  -1.3751360e-01   8.8586526e-01   1.3719807e+00   4.1760248e-01   6.9356668e-01   1.2653086e+00  -1.1737161e+00  -4.8825237e-01   7.2150368e-01   1.0950820e+00   1.1497245e+00
  -8.2543968e+00   7.7108867e-02   1.3647355e+00   1.5715114e+00   1.1128995e+00   1.1452091e+00   9.1355279e-01  -8.0922039e-01  -3.2594905e-01   5.1124873e-01   6.6442865e-01   5.2680229e-01
  -8.6728395e+00   2.2883605e-01   1.9340994e+00   2.2422004e+00   6.2188266e-01   8.6212680e-01   1.4272621e+00  -2.8220387e-01   2.8551824e-01   6.9404794e-01   7.4771045e-01   2.0144528e-01
  -8.9230181e+00   1.7999837e-01   1.8129785e+00   1.6075287e+00   8.3994565e-01   1.4511406e+00   1.0666483e+00  -9.0864893e-02   1.0433159e+00   7.7070269e-01   3.4893439e-01   9.5603842e-02
  -8.2165631e+00   5.0670060e-01   2.0207604e+00   1.3999740e+00   9.7770661e-01   1.1514764e+00   9.1464717e-01  -2.9183934e-01   5.3079636e-01   6.8991882e-01   7.6616274e-01   5.9528956e-01
  -8.2420079e+00   2.3377293e-01   2.1908964e+00   1.7140579e+00   1.0376127e+00   1.6927414e+00   1.1563003e+00  -5.1984536e-01   4.2110197e-01   3.8007766e-01   1.2091262e-01   2.2484924e-01
  -6.5303801e+00   1.8804410e+00   3.0584733e+00   2.5002326e+00   1.5740780e+00   2.5815235e+00   1.2827671e+00   4.3414216e-01   1.0705912e+00   1.1922485e+00   6.0978436e-01   5.0023959e-01
  -6.6592329e+00   1.5721216e+00   2.6765318e+00   2.1067301e+00   1.4964857e+00   2.0682963e+00   1.1604791e+00  -6.2371428e-02   1.2811358e+00   9.2912514e-01   3.2938755e-01   5.6099790e-01
  -5.8702841e+00   1.4520544e+00   2.1274288e+00   2.1637372e+00   1.8449099e+00   2.3074229e+00   1.2198884e+00  -1.0403408e-01   1.0585318e+00   6.9272292e-01   2.8999464e-01   8.4640205e-02
  -6.1865268e+00   1.8035135e+00   2.6421326e+00   1.5738170e+00   8.7649363e-01   2.0494635e+00   8.3912014e-01  -1.0957582e-01   1.1213257e+00   7.9489021e-01  -3.2819860e-01   6.9447913e-02
  -6.8628467e+00   1.0147612e+00   2.1409919e+00   2.2859864e+00   1.7844574e+00   2.0171636e+00   2.3526597e-01  -7.4805580e-02   7.4570587e-01   5.7137635e-01   4.1946887e-01   7.2807040e-01
  -6.3048649e+00   1.1219327e+00   2.2789304e+00   2.0208841e+00   9.4344988e-01   2.0744192e+00   9.3806623e-01   1.3187372e-01   1.0385002e+00   3.9599332e-01  -1.6018715e-01   3.0047185e-01
  -6.3357929e+00   1.2725841e+00   1.6558341e+00   1.1472137e+00   6.9919092e-01   1.4747440e+00   5.5873824e-01   3.8681955e-02   3.5030010e-01   3.2290612e-01   6.5551159e-03  -1.9215203e-01
  -6.8265641e+00   1.3181678e+00   2.2660888e+00   1.3325021e+00   5.9706134e-01   1.9340277e+00   6.5364609e-01  -2.1329729e-02   1.1491365e+00   1.0610689e+00   4.1165627e-02  -1.4855749e-01
  -5.4239814e+00   1.5450583e+00   1.8409630e+00   1.4051338e+00   1.1326525e+00   1.5741704e+00   5.9166607e-01  -3.0848770e-01   8.6984838e-01   1.1448866e+00   3.2718892e-02  -1.8613916e-01
  -6.9000408e+00   1.0492786e+00   1.3455281e+00   9.3201375e-01   1.4740068e+00   1.8860631e+00   4.9046932e-01   4.4059389e-02   1.1782296e+00   7.3200871e-01   1.2739444e-01   3.7156936e-01
  -6.0719602e+00   1.4873375e+00   2.1893991e+00   2.0520579e+00   1.6867585e+00   1.8442522e+00   2.1506411e-01  -1.3765317e-01   9.6313208e-01   9.7081473e-01   1.5163134e-01   4.3200509e-01
  -6.8382975e+00   1.4691500e+00   2.3355808e+00   1.6349749e+00   1.4597879e+00   2.1235983e+00   1.1273191e+00   5.1230541e-01   1.6276545e+00   1.5166599e+00   1.1362249e-01   3.4007320e-01
  -6.8166989e+00   1.0198288e+00   1.5989147e+00   1.4075781e+00   1.3824863e+00   1.8057233e+00   5.7674429e-01   6.6183045e-01   1.4608957e+00   1.0204764e+00  -1.1624210e-02   6.0812481e-01
  -8.1379807e+00   9.9085321e-01   2.4337365e+00   2.0937279e+00   1.8300980e+00   2.1881087e+00   1.2162374e+00   4.8361281e-01   7.8032168e-01   6.6867455e-01   8.9976174e-02   3.0910049e-01
  -8.1099130e+00   7.4253458e-01   2.5434002e+00   1.5161244e+00   1.7043186e+00   2.3271701e+00   3.8651493e-01  -3.1411199e-02   5.1957622e-01   4.7154375e-01  -2.3686807e-02   2.5731301e-01
  -7.4735906e+00   5.4105721e-01   2.1094127e+00   1.0455694e+00   5.0087684e-01   1.2938588e+00   6.1991104e-01  -8.7763159e-02   1.9027119e-01   2.4833208e-01  -9.0062706e-02   8.6030957e-02
  -8.0285351e+00  -1.0182005e-01   2.8139278e+00   2.4612255e+00   1.2031581e+00   1.7997404e+00   1.2475041e+00   8.5230711e-02   2.9867402e-01   1.9107495e-01   5.5836760e-01   1.2529848e-01
  -8.5833981e+00   1.5046811e-01   2.4877923e+00   1.2606828e+00   5.1303292e-01   1.5367258e+00   1.7849059e+00   7.7923885e-01   7.3602449e-01   5.5585947e-01   4.5799847e-01   3.8183731e-01
  -7.6918302e+00   1.5249740e-01   2.0330898e+00   1.2036866e+00   2.9191256e-01   1.1987037e+00   1.4913647e+00   5.7075454e-01   5.0671807e-01  -7.3585319e-02  -2.7677099e-01  -1.8166154e-01
  -8.3105651e+00  -8.0883623e-01   1.0422466e+00   9.4694057e-01   8.3873370e-01   2.0935970e+00   1.7275326e+00   4.6470243e-01   2.1574028e-02  -3.5543389e-01  -3.1211844e-01   2.0975889e-01
  -7.5644772e+00  -5.2819586e-01   9.7504562e-01   5.8214977e-01   1.1743202e+00   1.8657986e+00   1.7556258e+00   8.1804741e-01   6.0578490e-01  -1.9406757e-02  -5.2623426e-01   1.1671307e-01
  -7.9002663e+00  -9.1161882e-01   5.9263992e-01   5.1868177e-01   3.4954169e-01   9.5295296e-01   1.1955315e+00   3.6689380e-01   3.8364996e-01   1.9657653e-02  -3.7705763e-01  -2.5884391e-01
