  -1.0131898e+01  -1.3275423e-01   1.6462094e+00   2.0876175e+00   1.5425644e+00   6.4278268e-01   5.3291744e-01  -3.9392860e-01  -9.8405951e-02  -1.1106116e-02  -9.1149311e-02   5.4212075e-01
  -9.5970809e+00  -6.2894387e-01   1.7019175e+00   1.8453475e+00   1.2037659e+00   2.1199474e-01   3.5509929e-02  -8.5925473e-01   4.8081099e-02   6.9617057e-01   4.7109216e-01   2.3493436e-01
  -9.6071790e+00  -1.2569712e+00   1.2394895e+00   1.6840709e+00   1.1862070e+00   6.4156370e-01   1.0680197e+00  -1.8327543e-02   7.4111987e-01   7.3518639e-01   3.8270388e-01   1.1332520e-01
  -8.4383285e+00  -4.0016950e-01   2.5599267e+00   2.3483217e+00   1.0773569e+00   9.1616804e-01   1.0160414e+00   1.3848917e-01   3.6628749e-01   6.1515286e-01   4.2308801e-01  -2.1696717e-01
  -8.0013124e+00  -3.2840661e-01   3.1074024e+00   2.8785403e+00   6.5661930e-01   1.0315976e+00   1.4926802e+00   3.3643799e-01   5.2535181e-01   7.8268256e-01   1.2335676e-01  -2.0005281e-01
  -8.1039908e+00  -6.5825393e-01   2.7977335e+00   2.7291078e+00   4.4324378e-01   1.1805961e+00   1.1378370e+00  -2.8085329e-01  -3.4461022e-01   5.6283899e-01   1.9284930e-01  -2.6506496e-01
  -7.5244222e+00  -8.2788596e-01   1.9719478e+00   2.9042278e+00   5.0063295e-01   1.1055273e+00   4.4063445e-01  -3.1724554e-01   4.2174777e-02   2.5023166e-01   4.6279518e-01   4.6538893e-01
  -5.7997920e+00  -3.8214874e-01   1.3837337e+00   2.5698089e+00   3.6530284e-01   1.3971506e+00   1.3539775e+00   5.5417789e-01   3.9230870e-01   5.7700818e-01   7.0254475e-01   6.7569009e-01
  -1.0723129e+00   1.8286201e+00   5.9030267e-01   3.2395319e-01  -2.2247710e+00  -5.7958621e-01   4.5636217e-01   6.8212723e-01   1.5557481e-01  -5.1209253e-01  -4.4392147e-02   1.6754398e-01
  -1.2908781e+00   1.1433587e+00  -4.6572623e-01  -4.1134717e-01  -2.1709853e+00  -7.2704727e-01   2.9981021e-01   8.0795953e-01   5.6379874e-01  -2.6321114e-01  -2.1410659e-01   1.1761471e-01
   1.0671020e+00   2.2098286e-01  -3.8808838e-01   6.0343697e-01  -2.4949008e+00  -6.3527335e-01   8.4647683e-01   4.1821056e-01   9.2495614e-01   1.3141340e-01  -4.8359155e-01   8.9637267e-01
   1.7931927e+00   3.7745855e-01  -3.1586706e-02   9.5899647e-01  -3.0626350e+00  -8.3555813e-01   2.3079897e-01   8.7969378e-01   1.5869191e+00  -8.6357459e-01  -1.8548998e-01   1.1020444e+00
   2.4977727e+00  -4.9332682e-01  -4.4914214e-01   1.2669178e+00  -2.8792958e+00  -9.9230545e-01   2.6028188e-01   5.9470336e-01   1.7131416e+00  -5.6896839e-01  -2.0655884e-01   4.5960760e-01
   1.0462437e+00  -3.5620037e-01  -8.0366835e-02   6.8871108e-01  -2.5793807e+00  -1.9704107e-01   7.1967955e-01  -2.0060533e-01   1.5266137e+00  -9.0417510e-01  -2.9747163e-01   3.5643221e-01
  -1.0740532e-01   5.3334203e-01   8.9058333e-01   4.7793761e-01  -3.1780077e+00  -3.8573688e-01   7.1492823e-01  -2.5715630e-01   6.6240552e-01  -1.2555817e+00   1.4279634e-01   5.0613702e-01
  -2.2190736e+00   2.1826021e+00  -3.4785833e-01   5.6260880e-01  -1.1253654e+00  -4.8301083e-01   7.3224367e-01   9.2716928e-01   1.0362973e+00  -3.9200687e-01  -6.1735498e-02   5.7351370e-01
  -3.9727877e+00   2.4456596e+00   4.5769449e-01  -2.3200774e-01  -9.6303384e-01  -8.8914959e-01   6.6172245e-01   6.5172265e-01   7.7800253e-01  -2.6947338e-01  -1.2531860e-01   3.3872091e-01
  -5.8970206e+00   2.7856408e+00   9.4915173e-01   1.5019404e-01  -2.1878128e-01  -7.1550925e-01   1.1024313e+00   5.4340240e-01   1.0469578e+00  -3.5055781e-01  -5.5742490e-01   1.8281020e-02
  -8.1845531e+00  -1.5026549e+00  -8.2873587e-01   5.5770290e-01  -1.8277984e-01   2.3036658e-01   7.4236540e-01  -8.2985306e-01   3.6870840e-01   1.0793142e-01  -5.8258312e-01  -6.6911222e-01
  -1.6775720e+00   5.3064440e-01  -6.3676362e-01   4.9021818e-01  -8.9184793e-01  -1.1051335e+00   9.0427141e-01   1.2381197e-01   3.7000390e-01  -9.3014916e-01  -4.1526301e-01   6.0624497e-01
  -1.7004739e+00   1.1868089e+00  -9.8663201e-01  -6.8523767e-01  -7.7735282e-01  -1.6762073e+00   4.8386820e-01   1.5573614e-01   2.0158226e-01  -6.2701282e-01  -5.1569692e-01   2.8287777e-01
  -1.1121225e+00   1.7399127e+00  -9.7275061e-01  -6.8171308e-01  -1.0442725e+00  -1.7643652e+00   3.0017700e-01   4.4126742e-01   3.3845584e-01  -4.4331536e-01  -4.8281234e-01   8.3574714e-02
  -1.6595051e+00   2.0657143e+00  -3.1667565e-01  -3.1629075e-01  -7.2735717e-02  -1.9015051e+00   2.2234488e-01   1.9659463e-01   8.3633365e-01   2.2120980e-01  -4.2300968e-01  -1.4431879e-01
  -2.5287279e+00   1.5737446e+00   3.4771637e-01   1.3329426e-01  -1.9418967e-03  -6.5078354e-01   5.7352742e-01   2.1033371e-01   7.6554028e-01  -4.3248955e-02  -3.3651121e-01  -6.2122559e-01
  -2.6598474e+00   1.6597691e+00   1.3662423e-01   5.3701350e-01   2.8148155e-01  -7.4942806e-01   7.6450508e-01   6.8335431e-01   6.2375617e-01   1.2429413e-01  -3.2921630e-01  -6.3079414e-01
  -2.2307493e+00   1.0621990e+00   1.5208782e-01   7.3232886e-01   4.4893157e-01  -5.2104032e-01   8.2404921e-01   6.5857616e-01   6.8375593e-01  -1.9060471e-01  -6.5443677e-01  -4.2955314e-01
  -8.4240437e-01   1.3816425e+00  -1.0253590e-01   1.7540822e-01  -8.6067265e-01  -1.6274774e+00   1.4975623e-01   8.0669377e-01   8.1161882e-01   6.2048663e-02   1.9368678e-01   3.8113790e-01
   4.9239786e-02   1.0545813e+00  -5.1897314e-01   5.4770430e-01  -9.1100603e-01  -1.7247210e+00   3.7688986e-01   1.2783204e+00   9.4433875e-01  -1.2134885e-01   2.2209475e-02   2.2542275e-01
  -7.1719648e-02   2.1596827e-01  -4.4293471e-01   9.8049293e-02  -1.0162195e+00  -1.6161416e+00   8.1282929e-01   1.4369922e+00   8.9215823e-01  -3.4258021e-01   1.1002976e-01   2.1950246e-01
  -6.5644469e-01  -5.2978456e-01   7.1997318e-02   4.0653525e-01  -1.5431858e+00  -7.6075330e-01   1.5987775e+00   1.0320810e-01   2.4232225e-01  -7.1980885e-01   6.5629742e-01   6.0970108e-01
  -1.4935992e+00   1.2800673e+00   4.3347877e-01   2.2221882e-01  -5.8635006e-01  -7.5299790e-01   9.7608293e-01   6.5870324e-01   1.1475514e+00   2.0313263e-01   2.6983504e-01   7.6586315e-01
  -1.2688912e+00   5.7551097e-01   2.8005176e-01   4.8328751e-01  -1.1467896e+00  -8.2216597e-01   1.0094046e+00   1.1777309e+00   1.2580992e+00   1.0988646e-01   3.3337348e-02   5.8848151e-01
  -1.3340727e+00   1.7865750e+00   2.3594228e-03   2.5182452e-01  -1.4516195e+00  -7.3319338e-02   1.3078393e+00   1.4738017e+00   1.6041843e+00   6.1555821e-01   1.6483272e-01   2.7369493e-01
  -2.3861995e+00   9.8770670e-01   5.9762509e-01   1.1923999e+00  -1.2136683e+00   2.2174434e-01   1.1685940e+00  -6.4662386e-02   1.0002457e+00   8.6707365e-01   4.3263407e-01   4.6296895e-01
  -1.9194408e+00   1.7751271e-02  -2.8209451e-01   7.3103411e-01   2.0008693e+00   6.9935015e-01  -1.1553701e-01  -1.7399402e+00  -1.7155582e-01  -2.0238873e-01   1.5743150e-01   4.3508086e-01
  -1.2522909e+00  -1.0874340e+00  -3.5686996e-01   2.7082261e+00   1.7930272e+00  -6.6485348e-01  -2.3033211e-01  -1.5843762e+00  -2.9433648e-01  -1.6354457e-01   2.8869874e-01   4.3317177e-01
  -1.0098264e+00  -1.8811088e+00  -5.5252269e-01   2.8438010e+00   2.3420944e+00  -1.1074658e+00  -3.4760029e-01  -1.5466239e+00  -1.3331309e-01   3.5490295e-01   1.5399547e-01   2.5409759e-01
  -8.4066733e-01  -1.9041016e+00   6.6045763e-02   2.4045602e+00   2.4951057e+00  -7.2522551e-01  -8.1067327e-01  -1.0552789e+00  -2.0337972e-01   4.0319797e-01   2.5316853e-01  -2.7840360e-01
  -9.4298464e-01  -2.0505859e+00  -1.5050111e-01   2.5199704e+00   2.6168614e+00  -8.2849707e-01  -1.0958427e+00  -1.0483073e+00  -2.4126306e-01   3.8166058e-01   3.8844769e-01   4.2295940e-03
  -1.4129101e+00  -1.9369165e+00  -2.4041901e-01   2.3468188e+00   2.5911324e+00  -1.1445095e+00  -9.6075044e-01  -1.4507157e+00  -2.4388759e-01   1.6532265e-01   9.9178190e-02   1.7276788e-01
  -6.4696354e-01  -2.0952051e+00  -3.8553086e-01   2.2029153e+00   2.3895397e+00  -9.8220692e-01  -7.6042586e-01  -1.0947043e+00  -3.1569255e-01   1.3158096e-01   9.8275462e-02   3.0282858e-01
  -1.3791304e+00  -1.3068420e+00  -9.0840912e-01   2.3098884e+00   2.5233752e+00  -1.1104605e+00  -2.1753426e-01  -1.5605241e+00  -1.0140311e-02   5.4668073e-01   2.7244206e-01   6.5620730e-01
  -1.2325693e+00  -1.4126325e+00  -1.2140522e+00   2.4000725e+00   2.3182501e+00  -8.8639792e-01  -3.6239069e-01  -1.7746110e+00  -1.4929389e-01   3.8614656e-01   1.8030324e-01   3.9878237e-01
  -4.5497338e-01  -5.8497643e-01  -1.5176917e+00   1.8747155e+00   2.4836495e+00  -9.3584903e-01   1.0476149e-01  -1.4562113e+00  -1.2337842e-01   6.3579314e-02   5.5226327e-01   2.6039233e-01
  -1.9751891e+00   7.2949589e-01  -5.5783074e-01   1.6871484e+00   2.3260896e+00  -2.6777463e-01  -3.8773371e-02  -1.0122116e+00   7.2023926e-01   8.2434487e-01   7.0507005e-01   3.5832758e-01
  -3.7617766e+00   1.0092105e+00  -3.3863734e-02   1.5750803e+00   2.3897753e+00   8.2167313e-01   1.9679593e-01  -1.0190620e+00   2.1567051e-02  -1.0690547e-01  -1.8658283e-01   4.5668172e-01
  -7.2699463e+00  -9.8084529e-01  -3.1203308e-01   1.2325527e+00   1.3352387e+00   2.5433394e-02  -1.1090207e-01  -1.0093479e+00  -6.7371718e-01  -2.6392401e-01   4.2350130e-01   3.2077860e-01
  -8.1140105e+00  -1.5048739e+00  -5.2434377e-01   1.0859571e+00   1.6008685e+00  -7.6794134e-02  -4.1471154e-03  -9.2379528e-01  -4.3645869e-01  -4.3105154e-01   2.7435115e-01  -4.1387406e-02
  -8.2988187e+00  -1.1622708e+00  -9.6813739e-01   9.5734457e-01   1.5380142e+00   1.6882955e-01   6.7490359e-01  -5.4233641e-01  -5.3207464e-01   1.2697933e-01   5.4600730e-01  -3.8186065e-02
  -9.1628410e+00  -1.1271461e+00  -5.3996752e-01   1.3083205e+00   1.4684735e+00   7.5076881e-02   7.0477736e-01  -5.7671464e-01  -3.0566428e-01   4.0519217e-01   1.0619133e+00  -3.1475574e-02
  -9.6714191e+00  -1.8374315e+00  -1.0745667e+00   3.8255522e-01   1.7820606e-01  -8.0718386e-01   4.9867947e-01  -5.2057209e-01  -1.5666055e-01   2.6432004e-02   6.9187873e-01   3.7738418e-01
  -8.7335052e+00  -1.9146245e+00  -1.4195810e+00   3.3726746e-01   1.1249278e+00   5.7730144e-01   4.4052654e-01  -1.0658100e+00  -6.3293893e-01   4.4436133e-01   1.1816749e+00   1.8362926e-01
  -8.3715721e+00  -2.4630466e+00  -7.5844967e-01   8.5768025e-01   1.5431629e+00   2.2841316e-01   5.0192471e-01  -8.3586808e-01  -4.5905023e-01   3.3844784e-01   7.6349599e-01   5.0436746e-01
  -8.1129157e+00  -1.3452324e+00  -4.7477402e-01   5.0067181e-01   9.2206120e-01  -1.2234992e-01   1.2796369e-02  -1.4808130e+00  -1.3259380e-01   7.3786772e-01   1.1605063e+00   9.2902031e-01
  -8.2173248e+00  -1.0223796e+00  -5.5249245e-01   3.8214184e-01   1.0577781e+00   3.8588446e-01   5.7295258e-01  -8.5885903e-01   5.8612496e-01   1.0251606e+00   8.5941986e-01   6.6594357e-01
  -8.0295924e+00  -9.9756305e-01  -2.1015356e-01   1.3963838e-01   1.0290698e+00   5.6858469e-01   4.3216338e-01  -8.0308528e-01  -4.4716966e-01   5.5495315e-01   7.3192699e-01   7.1735785e-01
  -9.3490827e+00  -2.6835687e-01   1.0239559e+00   9.2767158e-01   8.9431573e-01   3.4843720e-01   4.9264784e-01  -1.3497437e+00  -2.5542267e-01   3.0101282e-01   9.0508593e-01   1.8404391e-01
  -7.9996489e+00  -9.9612445e-01   5.6111830e-01   1.0289220e+00   9.4186772e-01   6.6517815e-01   1.1344910e+00   4.1479288e-01  -9.3074525e-02   1.9940297e-01   8.0959345e-01   9.5212741e-01
  -8.2143685e+00   3.0001351e-02   7.3465343e-01   1.5499375e+00   1.0400989e+00   1.4369793e+00   1.7361103e+00   3.1590885e-03   8.9826453e-01   4.8550955e-02   1.0384274e+00   4.0382700e-01
  -7.9229049e+00  -7.4409443e-01   1.8096333e+00   2.4210689e+00   6.9518450e-01   1.4403310e+00   1.6364073e+00   7.4022026e-02   3.5419214e-01   3.2849178e-01   4.7411347e-01  -3.2827114e-02
  -7.3146905e+00  -1.8723974e+00   1.5314231e+00   2.9799424e+00   6.7938998e-01   3.6249578e-01   1.0682352e+00   5.6174440e-01   1.6055002e-01  -3.3160759e-01   5.2528136e-02   8.1219525e-02
  -7.0074488e+00  -1.8291841e+00   1.8374429e+00   2.7154397e+00   4.6801116e-01   7.5544905e-01   7.2050741e-01   1.5041167e-01   3.6185104e-01  -2.5661972e-03   4.8833777e-01   5.2683146e-01
  -6.8196351e+00  -1.5913794e+00   1.7016419e+00   2.6648692e+00   6.9717402e-01   1.1037501e+00   7.4809041e-01  -2.0581663e-01   4.1989613e-01   3.2016221e-01   2.0845552e-01  -1.3712922e-01
  -6.8338635e+00  -1.4383270e+00   2.1700044e+00   3.0130126e+00  -7.1394088e-02   1.2610505e+00   1.4006235e+00  -2.5049673e-01   1.6279243e-01   7.9465736e-01  -4.1071582e-02  -1.1473150e-01
  -6.9164575e+00  -1.5571869e+00   2.1467487e+00   3.8855032e+00   8.1867343e-01   1.3360298e+00   3.8377675e-01  -4.6510543e-01   4.0579810e-01   7.6780401e-01  -1.9060559e-01   1.9335996e-01
  -8.5629261e+00  -2.0647663e+00   3.0325311e+00   2.5295683e+00   1.6683024e-01   2.0650568e+00   8.5641419e-01  -8.4762498e-03   5.4989722e-01   3.4824821e-01  -3.8741279e-01  -2.9687506e-01
  -7.6194262e+00  -1.6105760e+00   2.4111653e+00   2.9869264e+00   9.3962137e-01   1.2167188e+00   4.4979125e-01  -1.9825633e-01   6.2922059e-01   6.5271631e-01   2.6301703e-01   3.2946821e-01
  -7.5513389e+00  -9.1077828e-01   2.3179353e+00   2.6941012e+00   1.1138860e+00   1.5143200e+00   4.6339321e-01   2.8142140e-01   9.7548875e-01   7.2982051e-01  -1.4081356e-01  -2.7050667e-01
  -7.8317804e+00  -5.5731630e-01   2.1803580e+00   3.0124228e+00   1.2175288e+00   1.1232370e+00   8.6816263e-01   4.0008104e-01   6.5875810e-01   7.2252729e-01   5.3480256e-01   9.0220699e-02
  -8.6159592e+00  -7.2786116e-01   2.2250690e+00   3.1368230e+00   1.1550089e+00   6.7876897e-01   1.8591605e-01  -4.0411111e-01   1.5071546e-01   2.5146763e-01   2.8558327e-01   4.4134241e-01
  -1.0042447e+01  -1.3945839e+00   2.9922207e-01   1.5874996e+00   9.7333084e-01   6.2261367e-01   1.2453368e+00   1.3544175e-01   5.1449891e-01   2.1370715e-01   2.7680014e-01   3.1094133e-01
  -1.0494401e+01  -1.3736867e+00   4.2770107e-01   2.1358416e+00   1.7462100e+00   1.1990913e+00   1.2176422e+00   4.4576378e-01   5.1062770e-01   5.3951268e-01   7.9936505e-01   6.0887227e-01
  -1.0257106e+01  -7.8014510e-01   1.0696368e+00   2.1123612e+00   1.0697747e+00   1.5858339e-02   1.1163324e+00   6.1881374e-01   9.7207291e-01   1.5436655e-01   4.3147008e-01   3.9238009e-01
  -1.0985427e+01  -1.6167567e+00  -1.5584740e-01   1.1730924e+00   6.1389914e-01  -5.8843182e-01   4.8824857e-01  -4.5692739e-02  -1.0338714e-01  -3.9241053e-01   1.4249093e-01   3.8083993e-01
  -1.1239849e+01  -1.7168528e+00  -4.2606959e-02   9.6812064e-01   1.0251767e+00   2.0549951e-01   1.0169195e+00  -4.0883331e-02   3.6231141e-01   3.9180850e-01   2.0281728e-01  -7.3158293e-02
  -1.0746482e+01  -1.4415412e+00  -4.7828057e-02   4.3225897e-01  -2.0472274e-01  -6.8272863e-01   8.2908348e-01  -3.7634705e-01   1.0478173e-01  -2.5520748e-01  -1.2319503e-01   3.7195925e-01
  -1.1071908e+01  -1.5745332e+00   6.7069218e-01   1.3232730e+00   9.1656164e-01   3.9089671e-04   1.3515750e+00   2.8659166e-01   3.2337234e-01   2.9126492e-01   3.5757324e-01   6.3849041e-01
  -1.0107363e+01  -5.8200142e-01   1.2378234e+00   1.6797507e+00   7.4447460e-01   6.0004975e-01   1.3350757e+00   6.6138120e-01   6.0463072e-01   5.6320384e-01   6.5990339e-01   3.0350921e-01
  -1.0835307e+01  -1.2204952e+00   1.2061327e+00   1.9719325e+00   1.7093851e+00   5.9385381e-01   1.4330102e+00   1.5364335e-01   3.9772261e-01   5.8655334e-01   1.7677299e-01   2.5172137e-02
  -1.0849890e+01  -1.2249912e+00   1.1840287e+00   1.3775873e+00   1.1927488e+00   3.2569644e-01   1.5063763e+00   7.1439185e-01   1.0413501e+00   8.5360748e-01   3.8450590e-01   4.5408960e-01
  -1.0843254e+01  -9.9061124e-01   9.3982436e-01   1.3079075e+00   3.6499489e-01   3.4575117e-01   1.1580291e+00  -4.5408481e-02   3.3624234e-01   6.8635001e-01   3.5928718e-01   7.7900065e-02
  -1.0589838e+01  -1.4669725e+00   5.8891892e-01   1.8952224e+00   6.9545261e-01   3.1290641e-01   1.4278464e+00   7.0426326e-01   7.1199963e-01   6.8023140e-01   5.7136658e-01  -1.4273380e-02
  -1.0078540e+01  -9.0603743e-01   1.5931376e+00   2.6098509e+00   1.3321897e+00   7.8018890e-01   1.5994061e+00   9.1950867e-01   6.0494863e-01   2.3974157e-01   3.0611016e-01   4.0763504e-01
  -1.0558833e+01  -1.0882217e+00   1.2934626e+00   2.6816346e+00   1.0117392e+00   6.9869402e-01   9.8235502e-01   3.9253502e-01   3.9633753e-01   2.4156511e-03   3.3280248e-01   1.7295899e-01
  -1.0008505e+01  -8.1222988e-01   1.9830809e+00   2.7717545e+00   1.7190503e+00   1.3635560e+00   1.4076779e+00   6.4865282e-01   9.7629629e-01   4.4705354e-01  -1.1726868e-01   1.1293634e-01
  -9.6211157e+00  -1.6809642e+00   2.1738308e+00   2.6798565e+00   7.1698873e-01   7.8102836e-01   1.6986232e+00   6.9647115e-01   1.0208596e+00   1.5573289e+00   6.5683434e-01   4.8530534e-01
  -8.4879762e+00  -1.7641048e+00   2.5891024e+00   3.5666331e+00   1.1954033e+00   8.0023404e-01   8.8163714e-01  -1.3743036e-01   4.4131311e-01   9.9826468e-01   2.7702215e-01  -1.1521277e-01
  -8.1907663e+00  -2.2024232e+00   2.6795480e+00   3.5159832e+00   4.5993320e-01   7.6411782e-01   1.3792203e+00   5.6094014e-02  -2.3840774e-01  -4.0438507e-01   1.1802535e-01   3.1547806e-01
  -7.4944941e+00  -1.7957440e+00   1.5076478e+00   2.2428034e+00  -5.5760968e-01   2.5461367e-01   9.7362735e-01   7.0650538e-01   5.0489638e-01   2.4876984e-01   5.9894424e-02   1.1718879e-01
  -7.3040716e+00  -1.6404025e+00   2.1643923e+00   2.9832799e+00   1.2424766e-01   5.3404663e-01   1.0691729e+00   3.1930207e-01   4.2799143e-01   4.5245322e-01   4.7881177e-01   3.0750843e-01
  -7.9909083e+00  -8.1339528e-01   2.6957811e+00   3.3858481e+00   1.2874619e-01   1.1568619e+00   9.7066593e-01   1.0069820e+00   3.7006403e-01   6.8605258e-01   5.6469081e-01  -8.0486624e-02
  -7.5000465e+00  -5.1623702e-01   2.7085675e+00   3.3851594e+00   6.7305965e-01   1.2682522e+00   9.1312932e-01   1.2776284e-01   3.6945477e-02   3.3643073e-01   5.9007902e-01   5.5186892e-01
