  -7.4856657e+00  -4.5421701e-01   1.2245747e+00   9.8890950e-01   1.7571770e+00   1.9774475e+00   1.1994827e+00   1.3704672e-01   6.9629929e-01   2.4172503e-01  -3.3454792e-01  -1.9240216e-02
  -8.1079151e+00  -3.9432639e-01   1.3679575e+00   1.6460142e+00   2.2840149e+00   2.5462445e+00   1.3672788e+00   3.5419098e-01   8.6047545e-01   4.7037179e-01   2.6176157e-01   5.5193580e-02
  -7.6370395e+00  -6.8162147e-01   9.5065958e-01   1.3368028e+00   1.8885150e+00   1.9970207e+00   1.1090995e+00  -3.6643257e-01   3.4946620e-01   5.8894283e-01   6.6032240e-01   5.7377831e-01
  -7.8213896e+00  -8.4592187e-02   9.7525195e-01   2.0982498e+00   2.0872042e+00   2.0967099e+00   9.7171225e-01  -1.6091144e-01   4.5199442e-01   8.8631378e-01  -4.8182107e-01  -4.5165277e-01
  -7.3016975e+00  -2.8174389e-01   1.3473032e+00   1.4423284e+00   2.0060827e+00   1.8299326e+00   5.1951280e-01  -4.0330936e-01   7.0442986e-02   3.6496155e-01  -2.5501131e-02  -8.9079509e-02
  -7.7074377e+00  -1.1901533e+00   7.5943221e-01   7.1171153e-01   5.3202655e-01   1.3188278e+00   6.6671321e-01  -1.5947887e-01   1.6316342e-01   2.4867458e-01  -1.2084145e-01   1.2680823e-01
  -7.4413418e+00  -5.5441876e-01   1.1679107e+00   1.6363056e+00   1.3723838e+00   1.4512383e+00   3.6497505e-01  -3.5175752e-01   9.4803868e-01   1.0464950e+00   3.6384437e-01  -2.2588166e-01
  -6.7843906e+00   3.4551739e-01   1.2229248e+00   1.5967671e+00   9.3890645e-01   1.2491604e+00   6.3592616e-01   9.5747569e-02   3.8539075e-01   7.5460771e-01   1.9134429e-01   1.5296585e-01
  -7.0707734e+00   5.1185899e-01   1.9234173e+00   2.6613665e+00   1.6548271e+00   1.6189881e+00   8.1655559e-01  -8.0954358e-02   3.7602036e-01   5.1383532e-01  -8.4861921e-02  -4.3627809e-02
  -6.9686844e+00   4.7134598e-02   1.4325532e+00   1.8419794e+00   1.1295189e+00   1.7109739e+00   1.0524524e+00  -3.8030747e-02   3.6384455e-01   1.0634921e+00   7.1901475e-01   3.4091846e-01
  -7.1189632e+00  -7.2673617e-02   1.0615727e+00   1.7787729e+00   7.9592781e-01   1.0633541e+00   8.3555379e-01  -5.5824513e-02   5.4922413e-01   1.0633154e+00   2.2824084e-01   3.0693840e-01
  -2.7467320e+00  -7.0628633e-01  -8.3452108e-01   9.7966449e-01  -9.9992210e-01  -1.1800316e+00   5.8789549e-01   1.4994463e+00   1.4666892e+00   1.6272618e-02   1.6749435e-01   3.9725789e-01
   1.8151472e+00   1.2448821e+00  -1.2762393e+00  -4.2707221e-02  -1.1793974e+00  -1.7338326e+00   1.8694394e-01   9.6108740e-01   7.8275092e-01   3.7997116e-01  -1.0825815e+00   1.7838782e-02
   1.1857908e+00   5.6982479e-01  -1.3891421e-01   7.9976003e-01  -1.6953044e+00  -1.8763331e+00   4.2377371e-01   9.5533013e-01   9.4524222e-01  -1.9854975e-01  -3.9984268e-01  -4.5018130e-01
   1.3109976e+00   8.9185965e-01  -7.2731833e-01   4.6519622e-01  -2.0599225e+00  -1.4211738e+00   2.3474589e-01   8.6106181e-01   3.9459099e-01  -7.8923278e-01  -4.7363210e-01   1.2510664e-01
  -4.8802946e-01   1.1375152e+00  -1.4775745e+00   1.3456935e+00  -2.3118457e+00  -5.7752238e-01   3.2562735e-01   5.8678370e-01  -3.8442374e-03  -1.0234180e+00  -4.9012820e-01   1.3979534e-01
  -5.5691708e-01   2.6629110e-01  -6.8450515e-02   1.4775171e+00  -1.6148364e+00  -5.7725162e-01   8.2762401e-01  -2.5785951e-01   3.9405412e-01  -1.5108307e+00  -4.3442396e-01   4.7176630e-01
  -3.4711373e+00   1.6125373e+00   1.8908191e-02   3.1665617e-01  -8.1649031e-01  -1.1558754e+00   3.3190682e-01   2.5661404e-01   3.3831988e-01  -7.5422112e-01  -5.4092620e-01   4.8185668e-01
  -5.1419990e+00   2.0079692e+00   1.2856382e-02  -2.1722375e-01  -6.3687100e-01  -1.1448452e+00   8.2674313e-01   8.8917263e-01   7.0287756e-01  -8.2678747e-01  -8.1280153e-01   1.6897430e-02
  -6.3435398e+00   2.0624107e+00   6.3122502e-01   3.3388662e-01  -3.2936510e-01  -1.1346183e+00   7.8516597e-01   7.3839002e-01   1.3648388e+00   1.2854108e-01  -2.4777348e-01   3.1219978e-01
  -7.8014351e+00   2.9285109e+00   5.6679703e-01  -7.4766961e-01   1.3008213e-02  -7.7716466e-01   9.8308391e-01  -1.8027579e-01  -2.2281282e-01  -9.9206125e-01  -6.8222375e-01   9.2799850e-02
  -9.8604585e-01  -4.1126516e-02  -8.4143540e-01   3.0440398e-01  -1.1015732e+00  -1.9881055e+00   7.3086041e-01   6.8314035e-02   3.1356363e-01  -1.2382017e+00  -8.0017071e-01   2.3462844e-01
  -1.2024334e+00   6.5790249e-01  -9.7449990e-01   5.1790341e-01  -1.4931310e+00  -2.5490732e+00   4.7030572e-01   4.2361435e-01   5.8294718e-01  -4.9146996e-01  -1.3167724e+00  -2.3323084e-01
  -1.8304621e+00   2.1664879e+00   2.1236161e-01   3.8411669e-01  -5.9618795e-01  -2.2318462e+00  -1.9912852e-01  -1.4451091e-01   8.4887995e-01  -2.8507264e-01  -9.1351790e-01   4.9939775e-02
  -2.7859327e+00   2.5034384e+00   9.3498238e-01   9.3929645e-01  -1.0769453e-01  -1.5230454e+00   1.0591911e-01   9.0731193e-02   8.8144519e-01   3.1027035e-01  -3.3896662e-01  -1.2487050e-01
  -3.2473476e+00   2.5159354e+00   8.7359743e-01   5.5433326e-01  -4.0600322e-01  -6.1218482e-01   1.0292623e+00   6.5339269e-01   6.4119848e-01  -2.4018641e-01  -6.4288840e-01  -4.6816520e-01
  -2.8413966e+00   2.4199247e+00   8.5123944e-01   3.7118374e-01  -4.5680139e-01  -8.5831919e-01   1.0778563e+00   1.1654151e-01   5.5589493e-01   4.9414482e-01  -5.0455549e-01  -3.8671411e-01
  -1.0479342e+00   1.9466231e+00  -4.2203992e-01  -6.2830475e-02  -1.0207560e+00  -2.1825695e+00   3.2837794e-01   9.0739715e-01   8.0638727e-01   3.2579331e-01  -1.8265159e-01   2.7354349e-01
  -2.2513623e-01   1.3669839e+00  -6.6390296e-01  -7.8793024e-02  -1.2044050e+00  -1.9951577e+00   8.4456754e-01   1.2615151e+00   7.4610314e-01   4.8473530e-02  -6.0283327e-01   2.8403878e-02
   5.6611017e-01   5.8815172e-01  -9.6005392e-01   4.5985134e-01  -9.0238791e-01  -1.5437714e+00   1.3665857e+00   1.0588412e+00  -9.9761597e-02  -5.1370525e-01  -4.6472671e-01   2.2574410e-01
  -1.9395963e+00   1.7774890e+00  -6.7564012e-02   4.1972080e-01  -3.2698532e-01  -3.5370443e-01   1.5681785e+00   9.4881114e-01   2.4048608e-01  -3.7214620e-01   1.6213068e-01   6.9914260e-01
  -2.9079839e+00   2.2147933e+00   1.3524522e-01   4.1859612e-01  -3.5210074e-01  -9.7534920e-01   8.1155472e-01   1.1339552e+00   9.5761739e-01  -3.3319578e-01  -5.0785773e-01   4.7401622e-01
  -2.4512718e+00   2.4834359e+00   6.1115382e-01   3.6605937e-01  -7.5889156e-01  -1.1002135e+00   1.1405372e+00   3.9603567e-01   5.6660674e-01  -3.0255722e-02   2.0258443e-02   3.6427597e-01
  -2.4978181e+00   1.3700876e+00   8.8410189e-01   4.2790364e-01  -6.5391674e-01  -3.4822784e-01   9.0170325e-01   6.1944439e-01   8.9973772e-01  -2.7264509e-02  -2.1635972e-01   3.3970618e-01
  -4.7118277e+00   2.0065456e-01   9.7401938e-01   6.9663087e-01  -1.0949833e+00   1.1018246e-01   6.2496905e-01  -1.2348568e+00   2.9505021e-01   3.2195248e-01   5.3443302e-01  -1.7437823e-01
  -1.3203414e+00  -2.0149602e+00  -1.0144948e-02   2.1398538e+00   1.2621397e+00  -5.1304117e-01  -3.3129432e-01  -1.7490948e+00  -7.2515960e-01  -8.3630863e-01  -7.9922029e-02   5.3007521e-01
  -5.5093597e-01  -1.7979738e+00  -7.5978127e-01   2.6974062e+00   1.6896189e+00  -1.1268168e+00  -7.2957335e-02  -1.4944318e+00  -1.0110494e-01  -1.7793500e-02  -2.7665290e-01   5.5351616e-01
  -5.7138996e-01  -1.6800258e+00  -4.5026729e-01   2.7033729e+00   2.0346775e+00  -7.7257388e-01  -2.3080736e-01  -1.1684755e+00   9.2753659e-02   1.9014175e-01   1.6740201e-01   1.5665674e-01
  -7.1762458e-01  -1.5630013e+00  -4.1264615e-01   2.3885524e+00   2.4083063e+00  -7.9199478e-01  -6.2072185e-01  -1.3039026e+00  -1.4044166e-01  -1.6534313e-01   1.9232942e-01   5.6436191e-01
  -2.2825991e-01  -1.7079173e+00  -9.3923426e-01   2.3440753e+00   2.4105529e+00  -9.6249553e-01  -6.3640096e-01  -1.3063080e+00  -3.2614278e-01  -3.4321121e-01  -4.6034607e-02   3.2463920e-01
  -1.8240044e-01  -1.6545118e+00  -8.4509924e-01   1.8777897e+00   2.5766053e+00  -9.6452474e-01  -4.6038433e-01  -1.4656457e+00   2.2160452e-01  -3.4682470e-01   1.6782926e-01   1.9491540e-01
  -3.5827152e-01  -1.0919296e+00  -9.0463992e-01   1.6547762e+00   2.4394683e+00  -5.7627375e-01  -2.6872611e-01  -1.2001695e+00  -2.5179191e-01   2.0454722e-02   1.3370282e-01   5.5776883e-01
   8.7777126e-02  -3.7256125e-01  -1.8378173e+00   1.9900151e+00   2.0474636e+00  -7.0628021e-01   6.1412827e-02  -1.5133101e+00  -4.2109698e-01   3.9940018e-01   1.1433879e-01   2.3547930e-01
  -1.3054715e+00   6.0548895e-01  -5.8023866e-01   1.9562420e+00   2.7424355e+00   1.2317013e-02   2.3874844e-01  -4.8032462e-01   4.1879022e-02   2.0524091e-01   3.4633519e-01   2.3861157e-02
  -3.7512628e+00  -4.0046089e-01   2.0922929e-01   1.8087835e+00   1.9398692e+00   9.1199851e-01   3.0578160e-01  -1.0390011e+00  -2.7101605e-01  -7.1526355e-02   8.4581324e-01   4.4157060e-01
  -6.7775348e+00  -1.2865050e+00  -8.8148622e-01   1.0584498e+00   7.3611944e-01  -3.0836424e-01  -2.7810179e-01  -1.4189701e+00  -4.2861891e-01  -5.3522838e-01   3.6296871e-01   2.1622314e-01
  -7.8856149e+00  -1.0323104e+00  -8.4457728e-01   1.1064211e+00   1.1448209e+00   5.3598147e-02   7.3043996e-01  -6.0809619e-01   5.7730908e-02   1.5094589e-01   5.2419346e-01  -9.0154986e-02
  -8.1483044e+00  -8.0682035e-01  -2.8199893e-01   1.1472556e+00   9.2712717e-01  -2.5086001e-01   8.0060644e-01  -5.4701569e-01  -1.8298286e-01   2.5400997e-01   4.6565852e-01   7.0239586e-02
  -8.4103317e+00  -1.5918818e+00  -7.7305618e-01   1.1704263e+00   1.7256317e+00   5.0327505e-01  -1.5682769e-01  -1.5697524e+00  -2.6431783e-01   2.7393964e-01   5.9828993e-01   5.7658220e-01
  -9.2455639e+00  -1.4600505e+00  -6.9114276e-01   1.2777066e+00   1.2871025e+00   3.3310117e-01   5.5325801e-02  -7.3425894e-01   2.2615440e-01   7.0099301e-01   9.4760156e-01   4.7296552e-01
  -8.2593172e+00  -1.7408645e+00  -5.0569519e-01   1.1489256e+00   1.2544177e+00  -3.3579789e-03   5.7658636e-03  -6.3068561e-01   1.7569288e-01  -1.5813894e-01   8.6184135e-01   7.4007161e-01
  -8.0035704e+00  -1.2011218e+00  -7.1901367e-01   1.1069825e+00   1.4658084e+00  -7.4599094e-02   2.2582191e-01  -2.8203692e-01   4.5992637e-01   5.3820385e-01   3.7036223e-01   1.0160692e+00
  -8.9083737e+00  -8.2697122e-01  -1.2312504e-01   1.1015354e+00   1.2697492e+00  -2.6207904e-01   3.7460947e-01  -8.2811108e-01   1.0865403e-01   5.6559786e-01   2.6810461e-01   5.1723952e-01
  -8.9309513e+00  -9.3851678e-02  -9.9919574e-02   4.7729261e-01   8.1149347e-01   1.8138469e-01   7.2096097e-01  -2.1207195e-01   8.7027555e-01   3.9900146e-01   1.5508861e-01   2.5714700e-01
  -1.0439668e+01  -9.0236406e-01   5.2399871e-01   7.4685651e-01   1.3096877e+00   3.5573343e-01   1.5089731e+00   6.2036075e-02   1.5855459e-01   5.7143437e-01   5.7535349e-01   1.3640718e-01
  -9.0568388e+00  -1.3179502e+00  -5.3961965e-02   9.8710024e-01   1.0654302e+00   4.6542582e-01   1.1312045e+00  -1.0419414e-01   2.3281664e-01  -2.5612073e-02   1.4478108e-01  -2.6020477e-02
  -9.0242654e+00  -1.1212007e+00  -3.2838832e-02   1.4703705e+00   1.6453949e+00   3.8558910e-01   9.3605218e-01  -4.0864021e-01   4.4751310e-01   3.1799156e-01   3.4742994e-01   7.9836663e-01
  -9.3112427e+00  -2.5885562e-01  -8.3909878e-01   2.1305281e+00   1.6506124e+00   9.3298516e-01   7.3447214e-01   4.7988484e-02   3.3981732e-01  -2.2073833e-01  -5.0844434e-01   1.0620304e-02
  -8.5858979e+00  -6.7209381e-01  -7.4852881e-02   1.7685466e+00   1.5426313e+00   9.1373953e-01   1.1530248e+00   3.1952267e-01   7.2488448e-01   8.1430656e-01   3.1404256e-01   3.5851427e-01
  -8.2657869e+00  -7.3324116e-01   5.6396622e-01   2.1058406e+00   2.0175619e+00   1.0822936e+00   9.8208502e-01   2.5227239e-01   9.1831523e-01   7.8126791e-01   5.3134205e-02   1.6575233e-01
  -6.3552784e+00   7.6388496e-01   2.3402590e+00   3.3037406e+00   2.5973720e+00   2.0552908e+00   7.4850453e-01  -3.3936588e-02   6.0407674e-01   5.6897841e-01   5.6083935e-01   6.1839828e-01
  -5.7075709e+00   1.0326759e+00   2.3133977e+00   2.9464155e+00   1.6435361e+00   1.8629329e+00   1.2926272e+00   4.0503340e-01   9.0793301e-01   5.2107779e-01   1.6671665e-01   5.1616653e-01
  -6.3361527e+00   2.9103272e-01   1.6596665e+00   2.9836323e+00   1.4981857e+00   1.4444051e+00   4.5945437e-01  -1.7564008e-01   1.2536948e+00   1.0134680e+00   1.1392979e-01   4.8970309e-01
  -6.4371398e+00  -8.2757089e-02   1.2098305e+00   2.0884859e+00   1.1360909e+00   1.5247667e+00   4.1864003e-01  -3.0990001e-01   8.4794713e-01   5.0806077e-01  -2.1574885e-01   1.7000283e-01
  -6.5210127e+00   4.5662709e-01   1.6396474e+00   2.5523689e+00   1.1720909e+00   1.8313070e+00   4.8928831e-01   1.4648030e-01   1.2145041e+00   1.0016743e+00   5.6315604e-01   6.1278534e-01
  -7.0920684e+00   1.0425494e+00   2.3610762e+00   2.9596673e+00   1.7840488e+00   2.9469802e+00   1.6734119e+00   4.3847743e-01   1.0678818e+00   6.9754738e-01   4.2174390e-01  -1.0180369e-01
  -7.0299402e+00   1.5914762e+00   2.7156696e+00   2.5132898e+00   1.1928882e+00   1.7429271e+00   5.4548610e-01  -9.9771136e-03   5.2618132e-01   1.3925296e-01   1.2639867e-01  -1.8892026e-02
  -8.8581104e+00   1.7738018e-01   1.9378224e+00   2.6034786e+00   1.2632483e+00   1.6085068e+00   6.6612633e-01  -3.7432852e-01   5.7664796e-01   8.0571701e-01   5.3436494e-01   4.9572913e-01
  -9.8448209e+00   8.2498099e-01   1.9092852e+00   2.4839063e+00   1.1564043e+00   1.7033740e+00   1.1622006e+00  -5.4526212e-01   6.9449745e-01   6.2013281e-01   2.1065611e-01   9.3496917e-02
  -1.0221546e+01   1.1825213e+00   2.2160551e+00   2.6224487e+00   1.8201513e+00   1.5806009e+00   1.7138759e+00   3.8139186e-01   8.4457974e-01   4.8185118e-01   4.6636735e-01   4.1910938e-01
  -1.1581518e+01   1.4141301e-01   1.3917825e+00   1.7292370e+00   1.4700532e+00   1.0127635e+00   1.4616036e+00  -2.2245129e-01   5.8448977e-01   5.0018137e-01   1.6807048e-01   6.5308691e-01
  -1.1834406e+01  -1.5950669e-01   1.3494965e+00   1.7255980e+00   8.6260198e-01   2.8369687e-01   1.6185992e+00   1.9413093e-01   2.9764017e-01   4.1530623e-02  -2.9077942e-01   8.9576095e-02
  -1.0649870e+01   2.6622308e-01   1.8379902e+00   2.3266932e+00   1.7662280e+00   9.6972941e-01   2.0300092e+00   2.3771252e-01   5.3002758e-01   7.0829237e-01   1.0836435e-01  -1.8336038e-01
  -1.0489112e+01   2.3086761e-01   2.3857493e+00   2.3081982e+00   1.3027596e+00   2.1459509e-01   1.3622588e+00   1.0970789e-01   7.5837519e-01   5.1619841e-01   4.5375957e-02   1.9682395e-01
  -1.0531805e+01  -4.4663151e-01   1.6615663e+00   1.5809956e+00   6.8343875e-01   6.1272958e-01   1.4933676e+00  -1.4730063e-01   4.4871212e-01   2.7518768e-01  -1.9739829e-01  -2.9378727e-01
  -9.6847638e+00   5.8812984e-02   1.8640507e+00   2.6170531e+00   1.5142623e+00   5.4862940e-01   5.6603434e-01  -2.6159867e-03   4.4179847e-01  -2.5544771e-02  -3.8376885e-01  -4.9059926e-01
  -1.0266287e+01  -7.9894611e-01   1.4119569e+00   2.5426273e+00   1.9704201e+00   8.2413060e-01   7.7406269e-01   2.1013875e-01   8.9373971e-01   6.3424778e-01   4.7366496e-01   2.0698570e-01
  -9.9004658e+00  -1.3390333e+00   1.1450620e+00   1.8706186e+00   1.5149407e+00   7.1373708e-01   2.3455509e-01  -6.5427533e-01   7.0078558e-01   6.9277424e-01   4.5305333e-01   4.4046910e-01
  -8.8714327e+00  -6.6505026e-01   1.7145314e+00   2.2979980e+00   1.1340794e+00   8.6578845e-01   6.2878280e-01   2.8553325e-01   5.1979189e-01   9.7983101e-02   1.0544997e-03  -7.3598096e-02
  -7.6491268e+00   2.4152306e-01   1.9294171e+00   2.0714579e+00   1.4411911e+00   1.4782816e+00   9.1333616e-01  -1.6155347e-01   8.3543326e-01   5.8610274e-01   1.4924462e-02   2.2421487e-01
  -8.0259588e+00  -4.5303804e-01   1.6187546e+00   2.5836429e+00   1.7995048e+00   1.8035238e+00   1.1592871e+00   5.3053245e-02   9.3794004e-01   7.5454282e-01  -1.5176816e-01  -2.0794161e-01
  -7.6057366e+00  -1.7243158e+00   9.5461703e-01   2.3656622e+00   8.3700990e-01   1.0849098e+00   7.5567645e-01  -4.0085722e-01   1.4110950e-01   8.8117446e-01   5.6273682e-01   2.8345074e-01
  -7.5644772e+00  -5.2819586e-01   9.7504562e-01   5.8214977e-01   1.1743202e+00   1.8657986e+00   1.7556258e+00   8.1804741e-01   6.0578490e-01  -1.9406757e-02  -5.2623426e-01   1.1671307e-01
  -7.9002663e+00  -9.1161882e-01   5.9263992e-01   5.1868177e-01   3.4954169e-01   9.5295296e-01   1.1955315e+00   3.6689380e-01   3.8364996e-01   1.9657653e-02  -3.7705763e-01  -2.5884391e-01
