  -7.7926801e+00  -1.4750491e+00   1.0145361e+00   6.9105473e-01  -3.6888922e-01   1.1008780e+00   1.3073191e+00  -2.8315298e-01  -2.1340540e-01   1.2341770e-01   2.8662915e-01   1.4269914e-01
  -7.4558867e+00  -2.0627814e+00   2.1343272e-01   1.0618251e+00   2.2884232e-01   1.1800597e+00   1.4092894e+00  -3.8333240e-01  -1.1433273e-01  -9.7657599e-02   7.0068696e-02  -5.2542336e-01
  -7.0837043e+00  -1.0785450e+00   1.1930247e+00   1.4631484e+00   7.0056354e-01   1.3448675e+00   1.1425809e+00  -1.4100596e-01  -3.8274554e-01  -2.9857294e-01   5.4051146e-01   4.6964185e-01
  -7.8181149e+00  -1.4726449e+00   6.6774391e-01   1.1739983e+00   2.5105445e-01   1.3607720e+00   1.0703362e+00  -3.9134763e-01   4.3493957e-01  -9.3504666e-02  -5.2237967e-02  -5.0982364e-02
  -8.4863360e+00  -6.2270371e-01   1.6330784e+00   1.8450617e+00   3.3234593e-01   1.5749417e+00   1.2976732e+00  -3.5961748e-02   6.7182284e-01   6.2733876e-01   8.4274117e-01   3.7978897e-01
  -9.0030792e+00  -2.0116023e+00   1.6394456e+00   2.9370597e+00   3.4947656e-01   3.0033420e-01   8.5742707e-01  -4.2403924e-01  -2.0282838e-01   2.6035157e-01   3.0680826e-01   1.7126750e-01
  -1.0051549e+01  -5.3791411e-01   1.1262233e+00   1.5917622e+00   7.4419685e-01   1.1437736e+00   1.0583514e+00  -7.4481046e-01  -2.9298301e-01  -1.0375366e+00  -2.7433845e-01   8.3815682e-01
  -1.0163747e+01  -5.6320267e-01   1.2904508e+00   1.5595245e+00   1.0199309e+00   4.1968175e-01   1.0514940e+00  -5.6933797e-01  -2.9671104e-01  -4.7571996e-01  -5.8181663e-01   3.9764392e-01
  -1.1060862e+01  -1.0650524e+00   1.2590133e+00   1.8386012e+00   1.0880055e+00   5.2316051e-01   1.1105714e+00  -5.5421331e-02   4.1546045e-01  -1.3816272e-01  -4.4555597e-01   5.3391004e-01
  -1.1168520e+01  -8.5236417e-01   2.1198985e+00   2.2044840e+00   1.2397354e+00   7.5813884e-01   1.7384401e+00   5.0720512e-02   5.5237083e-01  -2.6973340e-01  -9.7920834e-02   5.3845930e-01
  -1.1487647e+01  -1.6746135e+00   1.8936188e+00   2.8343114e+00   2.2172167e+00   1.4583485e+00   1.9897845e+00   1.8681466e-01   8.6525856e-01   1.6632699e-01  -1.5018728e-01   2.6263125e-02
  -1.1784355e+01  -1.6361047e+00   1.2324671e+00   1.6967811e+00   1.0732830e+00   6.8656546e-01   1.6633082e+00  -1.2150730e-01   6.8289676e-01   4.6180288e-01   3.3872597e-01   3.6110777e-01
  -1.1086685e+01  -1.2686657e+00   1.4993326e+00   2.1382858e+00   1.1753626e+00   3.9586282e-01   1.0026777e+00  -3.7859649e-01   3.2066010e-01   1.5470004e-01  -1.0411346e-01   1.0413368e-02
  -1.0887888e+01  -6.3513215e-01   1.9974675e+00   2.4080420e+00   1.2609807e+00   7.8289372e-01   1.0420903e+00   3.0370276e-01   9.6658245e-01   4.8560859e-01  -9.3198717e-02   2.9523580e-01
  -1.0909078e+01  -5.5749177e-01   1.4371616e+00   1.9002868e+00   5.4736294e-01   4.8286814e-01   1.5430929e+00  -4.7903312e-01   3.3556858e-01   1.4864438e-01  -1.7336902e-01  -5.9496946e-02
  -1.0639441e+01   5.9201726e-01   2.1717906e+00   2.3965584e+00   1.4781229e+00   8.5078863e-01   1.2053865e+00  -4.9586891e-02   8.9658590e-01  -6.9289001e-02   6.4742251e-02   3.5745865e-02
  -1.0214551e+01   5.5179563e-01   2.0519354e+00   2.3621089e+00   7.2646674e-01   8.0577014e-01   1.3910968e+00  -1.2792691e-01   8.7604402e-01  -1.2872981e-01  -2.1262181e-01  -1.5232274e-01
  -8.0890597e+00   1.3466096e+00   1.9097984e+00   1.0776852e+00  -2.3905920e-01  -2.0473335e-02   1.2551243e+00  -4.0977997e-01   4.3485801e-01  -6.7249199e-01  -6.6029598e-01  -1.8796287e-03
  -5.1317639e+00   3.1035763e+00   2.1156982e+00   8.5238534e-01  -9.3656920e-01  -1.3979991e-01   6.3224572e-01  -1.4924148e-01   5.9046428e-01  -4.5716251e-01   1.7977576e-01   1.3536132e-02
   1.5040926e-01   3.8928473e-01   7.0402336e-01  -1.2969020e-01  -1.8702219e+00  -1.1951508e+00   8.7355608e-01   8.9539045e-01   4.7812279e-01  -1.1786888e+00  -2.5820453e-01   2.5097046e-01
   1.6897905e+00   2.6443107e-01   2.7971992e-01  -8.3292006e-01  -2.0237507e+00  -7.1400269e-01   1.3173743e+00   7.6315559e-01   1.4610972e-01  -6.9867254e-01  -3.2997596e-01   5.3985086e-01
   7.0988848e-01  -2.7809732e-01  -1.0994128e+00   1.1969854e+00  -1.9575655e+00  -5.9607308e-01   4.6581658e-01   1.3728271e+00  -3.5292261e-01  -3.2068841e-01  -5.5485884e-01   5.4254069e-01
   1.0826291e+00  -5.8072831e-01   6.6283301e-01   1.1712131e+00  -1.5459020e+00  -5.0086692e-01   1.5450664e+00   1.0300009e-01   2.7668712e-01  -7.9865284e-01  -5.8641776e-01   8.2592770e-01
  -2.0094393e-01   7.1589223e-01  -2.7144944e-01   1.2110638e+00  -9.3775867e-01  -2.2043546e-01   1.1575449e+00   6.1690606e-01   7.9925725e-01  -7.4804140e-01  -2.4499409e-01   8.0791633e-01
   1.0631975e-01   8.8164458e-01   7.4890613e-02   1.7279643e+00  -1.1517867e+00  -3.4179718e-01   8.0762779e-01   6.1684219e-01   1.1408983e+00  -2.0463180e-01  -8.1850131e-01   1.3612120e-01
  -5.5223983e+00  -1.6006475e+00   6.5914538e-01   1.4130201e-01  -6.7439078e-01   8.5434123e-01   9.1195908e-01  -9.8571561e-01   2.6577873e-01  -3.0722333e-01  -3.4487390e-01  -1.8619469e-01
   7.7986241e-01  -1.0234799e+00  -3.4320868e-01   5.9316595e-01  -1.0819056e+00  -9.7130144e-01   9.3543338e-01  -1.5080320e-01   4.2374467e-01  -1.1568327e+00  -1.1778576e+00   8.3201475e-01
   1.0759460e+00  -1.6188164e-01  -2.2730879e-01  -6.4850871e-02  -9.7092596e-01  -1.7926257e+00   5.8934646e-01  -1.1768471e-01   9.9349060e-01  -8.0583230e-01  -1.3573326e+00   8.0446293e-01
   1.1664852e+00   7.9732883e-01  -1.3977018e-01   7.7215050e-02  -4.6958871e-01  -2.2139978e+00   6.6346918e-02   4.7211443e-01   7.1304179e-01   1.3683180e-01  -1.0584228e+00   3.0965784e-01
   9.8086500e-01   2.0069237e+00  -2.0545912e-02   1.0747991e-01  -3.7833320e-01  -1.8400115e-01  -3.3514260e-01   1.3406949e-01   3.2142943e-01  -2.1681052e-01  -7.5038891e-01  -5.4291867e-01
   9.5748463e-01   1.5283967e+00   1.5726835e-01   1.4531744e-01  -5.5519527e-01  -1.2641762e-01  -5.9103369e-02   5.1057602e-01   1.0128543e+00  -1.8224339e-01  -9.4167983e-01  -3.0896637e-01
   1.0822815e+00   1.0497253e+00  -2.3586035e-01   6.3042094e-01  -6.2097677e-01   1.2027953e-01   3.1773376e-01   7.2308920e-01   1.1191373e+00  -1.6619384e-01  -8.0303109e-01  -3.4031139e-01
   1.3631304e+00   7.0071185e-01   4.6587271e-02   2.0744969e-01  -9.8084515e-01  -1.5107070e+00  -2.5253052e-02   4.3182138e-01   4.3943245e-01  -5.0007189e-01  -1.7625044e-01   5.5510605e-01
   8.1827823e-01  -3.1262963e-01  -3.4631680e-01   9.3083569e-02  -1.3967310e+00  -1.1932615e+00   9.3762613e-01   1.0237281e+00   5.4346702e-01  -4.2320829e-01  -5.4457867e-01  -2.7482127e-01
   9.7994121e-02  -7.1603196e-01   3.6424830e-01   4.6018999e-01  -1.7753760e+00  -7.9363593e-01   1.4259167e+00   2.5919502e-01   1.0433288e-02  -8.8206260e-01  -4.6265517e-01   3.8355125e-01
  -2.9605040e+00   8.5658103e-01   1.0237402e+00   3.6818608e-01  -1.0344765e+00  -3.6801351e-01   1.5345309e+00   1.0728106e+00   1.0032962e+00  -3.5426183e-01  -2.2062109e-01   4.9072126e-01
  -4.2687930e+00   1.0144977e+00   1.2238235e+00   6.7477986e-01  -6.5768204e-01  -6.4447734e-01   1.5780148e+00   5.6449109e-01   5.9995366e-01  -2.8853403e-01  -4.5595976e-01   6.7991889e-01
  -4.8849301e+00   1.2595994e+00   1.2766412e+00   4.9110625e-01  -7.0266156e-01  -3.2130840e-01   1.6529776e+00   3.6465615e-01   8.4533796e-01   1.4654770e-01  -2.6724346e-01   4.1914747e-02
  -4.7651366e+00   1.0838303e+00   1.1165506e+00   9.1184132e-02  -6.3505046e-01  -2.8073664e-01   1.5219687e+00   3.3219355e-01   9.6990459e-01   3.9049581e-01   2.2233664e-01   2.3431093e-01
  -5.4905570e+00   6.2296606e-01   1.2880629e+00   7.5531704e-01  -3.8253424e-01  -3.6814321e-02   1.3379819e+00  -2.1853805e-01   6.0983671e-01   5.6124946e-01   5.7140205e-03   2.4395508e-01
  -3.3136384e+00  -9.6030105e-01   1.3023644e+00   1.9193606e+00   1.1475105e+00   8.3334758e-01   5.4832307e-01  -1.5630443e+00  -3.9406610e-01  -1.6829630e-01  -9.6913944e-03   4.8566007e-01
  -1.2420309e+00  -1.7074997e+00   1.1398482e+00   2.0268579e+00   1.5167415e+00  -3.1982565e-01  -8.5917365e-01  -1.3347254e+00  -4.4973688e-01  -5.5839197e-02   3.4658278e-01   4.3674999e-01
  -8.3238260e-01  -2.2213875e+00   9.3976551e-01   2.2125264e+00   1.7012270e+00  -5.8253245e-01  -1.1770809e+00  -1.1003193e+00  -6.8001832e-01   2.2896650e-01  -1.2697106e-01   9.1612516e-02
  -1.6517750e+00  -1.8846094e+00   6.2498840e-01   2.1593930e+00   1.5153510e+00  -3.9121672e-01  -1.1264996e+00  -1.1078665e+00  -5.1567860e-02  -3.6825293e-02   4.7433075e-02  -1.2345973e-01
  -1.7389205e+00  -1.6503676e+00   1.0239984e+00   2.1634013e+00   1.8939370e+00  -8.1320979e-01  -1.2661102e+00  -1.4002037e+00  -3.2211352e-01   2.1092172e-01   9.4774726e-02   1.1582703e-01
  -7.0446323e-01  -1.6865335e+00   9.5499026e-01   2.0572333e+00   2.1634872e+00  -7.2863864e-01  -1.0812203e+00  -1.0242288e+00  -4.0847154e-01   6.8552882e-02  -3.8245631e-02  -1.9098245e-01
  -5.2920471e-01  -1.7757183e+00   8.9841030e-01   2.1598877e+00   1.8995042e+00  -5.3159009e-01  -1.2159157e+00  -1.3789342e+00  -4.4532317e-01   7.8096482e-02   4.3254641e-01  -1.4357151e-01
   5.4754056e-02  -2.6786833e+00   1.1269224e+00   1.4525077e+00   2.2726665e+00  -3.1122546e-01  -1.5541951e+00  -7.3041179e-01  -6.9923955e-01  -1.0588594e-01   8.0200038e-02  -2.9595089e-01
   1.5378175e-01  -2.5822932e+00   7.8922417e-01   1.2479974e+00   2.4992079e+00  -3.7739894e-01  -1.3225803e+00  -8.7972796e-01  -1.9575016e-01   9.5311301e-02   3.8566006e-01   8.5024481e-02
   3.8833893e-01  -2.8888184e+00   5.2641983e-01   1.4711421e+00   2.4461853e+00  -5.7937190e-01  -9.1577317e-01  -9.4263257e-01  -3.0628038e-01   5.1758926e-01   4.2759007e-01   1.0323553e-01
   1.0702719e+00  -2.2025513e+00   3.3560649e-01   1.1130520e+00   2.2592193e+00  -3.3478980e-02  -7.7668186e-01  -1.0921727e+00  -4.7726354e-01   6.0368324e-02   5.7689118e-01   2.5683046e-02
   7.2469160e-01  -3.2219173e-01  -1.0993507e-01   1.0122822e+00   2.6894928e+00  -1.6317763e-01  -4.7868954e-01  -7.0802127e-01  -6.5959569e-01   5.7871933e-01   8.1119528e-01   2.3035847e-01
  -1.2018801e+00  -7.2491882e-01   1.1862885e+00   1.4207875e+00   2.7501511e+00   6.8613367e-01  -9.0438536e-01  -1.4221062e+00  -6.9713219e-01   6.2544703e-01   8.2950618e-01   6.4905507e-01
  -5.0034932e+00  -1.4628695e+00   1.5408186e+00   9.9195619e-02   1.8809174e+00   5.7074149e-02  -6.2861112e-02  -7.9035657e-01  -9.9618109e-01   3.8419303e-01   6.5758890e-01   6.3394871e-01
  -7.3431468e+00  -1.9533914e+00   4.3406341e-01  -1.5478940e-01   1.6167732e+00   3.1437501e-01   1.5284713e-01  -9.7256237e-01  -8.9107838e-01  -4.2967606e-01   1.9405882e-01   4.9959955e-01
  -7.9147646e+00  -1.4940986e+00   9.2270812e-01   6.1615913e-01   1.2425699e+00  -3.8598446e-01  -1.0884350e-01  -1.1556793e+00  -1.0919286e+00  -2.1657025e-01   6.6375250e-01   5.2736705e-01
  -7.9465986e+00  -1.6511015e+00   3.9499614e-01  -1.9043650e-01   1.0880243e+00   2.7451719e-01  -4.0515065e-01  -1.0017712e+00  -7.3185912e-01  -2.5476345e-02   5.6679866e-01   6.3808881e-01
  -7.8330034e+00  -2.3289027e+00   2.4423050e-01  -8.7570420e-01   3.5868210e-01  -1.9331896e-01  -3.9950934e-01  -8.3254189e-01  -4.8494814e-01   4.5854745e-01   3.9674610e-01   1.7813797e-01
  -7.6204193e+00  -2.6274929e+00   7.9253469e-02  -3.6694201e-01   1.0742063e+00   4.3768740e-01   1.1640047e-01  -7.9716486e-01  -5.0536762e-01   3.1588747e-01   5.2483903e-01  -1.2134350e-01
  -7.6371765e+00  -2.1227064e+00  -4.3417880e-01   2.1138209e-01   1.8970195e+00   1.3638084e+00   7.3927603e-01  -5.8693524e-01  -1.9443517e-01   4.2067852e-01   8.2053876e-01   3.7007019e-01
  -7.1094284e+00  -2.1248954e+00  -2.0866762e-01  -2.6958017e-01   7.1421614e-01   4.3181113e-01   3.8931686e-02  -8.5325945e-01   7.8236261e-02   7.8769807e-01   9.3453666e-01   7.1572888e-01
  -7.2084181e+00  -2.0323480e+00  -1.0555604e+00   2.3419998e-01   8.2384796e-01   7.1458271e-01   5.2200473e-01  -9.0159699e-01  -4.2634025e-01  -2.1914031e-01   5.8513323e-01   9.0832166e-01
  -6.6740817e+00  -1.7311471e-01   2.5713803e-01   8.6620689e-01   7.0926334e-01   8.1983912e-01   2.0440973e-01  -1.1071382e+00   3.2879316e-01   4.6342616e-01   6.6131204e-01   1.0479561e+00
  -8.7540293e+00  -7.3234740e-01   7.3728785e-01   1.3066832e+00   1.1694901e+00   1.1181478e+00   6.6079202e-01  -6.6022624e-01   2.6868213e-01   3.4002473e-01   8.8318147e-01   1.0304605e+00
  -1.0029682e+01  -1.2057090e+00   8.8151075e-01   1.7091936e+00   7.1381726e-01   5.9719552e-01   7.9030998e-01  -8.9559088e-01   1.9556846e-02   9.4814674e-01   1.3274457e+00   1.1302424e+00
  -1.2286087e+01  -1.0690198e+00   2.2979095e+00   1.5795433e+00   1.5536263e+00   4.9670127e-01   1.2501233e+00  -1.3144338e-01  -1.8065979e-01   4.4021209e-01   2.0897565e-01   3.7599695e-01
  -1.2200242e+01  -1.9808798e+00   4.6371346e-01   2.0264833e+00   9.3258226e-01   5.2612060e-01   9.1846618e-01  -6.5732209e-01  -3.7891987e-01  -3.8360690e-01   2.5837040e-02   7.2912271e-01
  -1.2513448e+01  -9.2197386e-01   2.0259085e+00   2.7868604e+00   1.8485603e+00   1.1837122e+00   1.4434467e+00  -7.7044581e-01   3.8900466e-01   1.6077682e-01   7.6448484e-01   6.2942504e-01
  -1.2781689e+01  -1.0001552e+00   1.5161169e+00   2.5981583e+00   1.0638146e+00   8.3541957e-01   1.1594267e+00  -3.3953322e-01   3.2948225e-01  -1.1976339e-01   2.6054941e-01   4.3823179e-01
  -1.2765331e+01  -1.0938366e+00   1.9169242e+00   2.7326056e+00   1.6993006e+00   8.5760830e-01   1.0961500e+00  -4.8120020e-01   8.0722385e-01   8.3523294e-01   2.3741927e-01   8.2464216e-02
  -1.2688121e+01  -1.0831531e+00   1.9726158e+00   3.0073045e+00   1.3223783e+00   9.9524737e-01   1.5865625e+00   3.5634837e-01   1.1202023e+00   4.9001117e-01   4.1199045e-01   6.1892055e-01
  -1.2112585e+01  -1.2300674e+00   1.6747425e+00   2.8417843e+00   1.6326714e+00   7.0598189e-01   8.7834079e-01  -4.1612431e-03   1.4240780e+00   8.1143808e-01   6.6531075e-01   6.4213692e-01
  -1.0882495e+01  -5.3639849e-01   2.0105764e+00   2.9464867e+00   1.8606711e+00   1.0167218e+00   1.5739908e+00   8.8126413e-02   1.0662909e+00   2.5783114e-01   2.0147065e-02  -2.1507857e-02
  -9.8799539e+00  -6.4659842e-01   2.6840709e+00   3.2459469e+00   1.4985015e+00   6.6822873e-01   1.0190387e+00  -5.7224169e-01   5.3997619e-01   2.3681266e-01  -1.5820214e-01  -2.6154298e-01
  -1.0120570e+01  -6.7435326e-01   3.3479494e+00   3.8448960e+00   5.8165652e-01   6.1215135e-01   1.5063743e+00  -2.2810043e-01   4.7371287e-01   1.7309225e-01   5.2836044e-01  -4.4136289e-01
  -7.8444626e+00  -7.9419150e-01   2.0796034e+00   2.6162118e+00   1.3591985e-02   4.9551161e-01   1.3780928e+00  -2.1269169e-01  -2.2643209e-01  -4.2558260e-01   2.5041656e-01   2.6411863e-01
  -8.4481920e+00  -1.5779538e+00   1.5764999e+00   1.6359512e+00  -7.5122880e-01   1.0548261e+00   2.2803438e+00  -1.0780179e-01  -1.5512000e-01  -3.5886931e-01   6.7112834e-01   2.6684952e-01
  -7.2403537e+00  -5.8123318e-01   1.8287749e+00   1.8734591e+00  -6.1778222e-01   1.4175578e+00   1.1732143e+00  -1.0050214e+00  -5.4226212e-01  -7.5677969e-01   2.8953519e-01   9.2479468e-01
  -6.4336026e+00  -5.2216756e-01   1.6264921e+00   1.5992527e+00  -8.3080818e-02   1.8239264e+00   1.7437870e+00  -1.3080490e-01  -2.7341124e-01  -1.2004108e+00   7.8392218e-01   9.3911629e-01
  -6.6263194e+00  -1.2646103e+00   5.2979007e-01   1.0925634e+00  -3.7586132e-01   1.2153206e+00   1.5237289e+00  -5.5163920e-02   2.8089943e-01  -3.4327909e-01   4.0331495e-01   7.1898046e-01
  -5.9400663e+00  -3.7344970e-02   1.2161433e+00   1.8073418e+00  -2.3822788e-01   9.6921310e-01   9.8252123e-01   3.1735534e-01   7.1438573e-01   1.8383325e-01   4.0666051e-01   6.6739611e-01
  -5.8343301e+00  -4.9298709e-02   1.5667361e+00   2.1603557e+00   7.4712630e-01   1.7258819e+00   1.5460039e+00   1.9134903e-01  -3.9221109e-01  -1.4032594e+00  -2.0828563e-01   1.1331309e+00
  -9.7921235e+00   1.0695062e+00   2.7183253e+00   1.2015415e+00   1.6583421e+00   1.0525223e+00   5.9377327e-01  -2.3180104e-01   2.2513414e-01   6.6219621e-01   1.5652751e-01  -2.4039427e-01
  -8.9812493e+00   9.3532015e-01   2.1615251e+00   1.5462377e+00   1.0415467e+00   1.6380478e+00   1.5430379e+00  -3.9299456e-01   7.0199540e-01   3.9521522e-01   2.3324146e-01   2.8380886e-01
  -7.6513531e+00   6.0761779e-01   1.3409021e+00   1.3685281e+00   6.7736453e-01   2.3501096e+00   1.6803793e+00   4.1334099e-01   1.4461072e+00   8.8261385e-01   4.7515070e-01   3.5598981e-01
  -7.0279214e+00   1.5217493e+00   2.1496146e+00   1.4818727e+00   1.9210473e-01   1.8875914e+00   8.9570448e-01  -8.3286623e-01   5.4281522e-01  -4.5605317e-01  -7.4948695e-01   2.1487750e-01
  -7.4511397e+00   3.3657105e-02   2.2998221e+00   2.3824369e+00   3.2614505e-01   1.9132537e+00   6.4608195e-01  -1.5363101e-01   1.0946765e+00   6.4169452e-01  -1.6273091e-01   3.6775414e-01
  -7.1293598e+00   9.7613287e-01   2.4526767e+00   2.2578869e+00   4.7482043e-01   2.0576301e+00   9.0077083e-01  -3.4083899e-01   1.0293378e+00   1.2825041e-01  -1.8276061e-01   8.8657650e-01
  -7.8399121e+00   5.3485205e-01   2.0376005e+00   2.0426731e+00   7.3840804e-01   1.5606337e+00   4.9801094e-01  -5.9206404e-01   7.4874678e-01   7.0163218e-01   3.1269046e-01   7.8494761e-01
  -7.9105708e+00   1.4577663e-01   2.1714515e+00   1.9102125e+00  -2.2852601e-01   1.7022720e+00   7.5800262e-01  -2.0627178e-01   1.0619705e+00  -8.8064317e-02  -2.4386095e-01   1.6659636e-01
  -7.8709866e+00  -6.1007012e-01   1.2961682e+00   1.8656237e+00   9.3297078e-01   1.6407320e+00   4.5460360e-01   2.9685464e-01   1.0889464e+00   4.9792604e-01   2.1232858e-01   1.5015548e-01
  -8.5632285e+00  -1.2847928e+00   6.2752539e-01   1.8992360e+00   8.6298447e-01   1.6547557e+00   1.0627557e-01  -9.0589329e-01  -3.7847101e-02  -3.5692162e-01  -4.7177515e-01  -7.2402101e-03
  -7.6187816e+00  -4.0369039e-01   1.1001115e+00   1.2387970e+00   7.3539127e-01   1.3484284e+00   3.9394597e-01   2.5431357e-02   5.0788675e-01  -4.2943176e-01  -4.7942234e-01  -2.6223109e-01
  -8.9038098e+00  -4.8355643e-01   1.5510191e+00   1.7759740e+00   1.6511602e+00   1.1637718e+00   9.6207873e-01   3.9031672e-02   1.1887664e-01   5.4489345e-02  -1.3713858e-01   3.3543317e-01
  -8.7666015e+00  -5.5758684e-01   1.3894343e+00   1.7507242e+00   1.3368250e+00   7.2825622e-01   1.0109410e+00   3.8552513e-01   8.2858600e-01   6.7214638e-01   4.1141498e-01   4.6299936e-01
