  -5.0811657e+00   7.9790661e-01   1.3940416e+00   1.8721058e+00   2.4854203e-01   1.9674721e+00   9.7736222e-01  -4.2404627e-01   2.3781562e-01   1.6141035e-01  -1.1267907e-01   6.6781890e-01
  -5.3534648e+00   7.9091249e-01   1.0994410e+00   1.7225708e+00   9.9533480e-02   2.2152162e+00   4.6723009e-01  -5.9496456e-01   4.7027967e-01   8.1216001e-02   4.0959842e-01   9.4714097e-01
  -5.2043512e+00   1.2549420e+00   7.7854142e-01   2.4395822e+00   1.4201532e+00   2.0073708e+00   4.3510065e-01  -1.4986902e-01   9.5594053e-01   3.1153562e-01  -2.2635441e-01   4.6962206e-01
  -4.9872179e+00   9.5190463e-01   3.1102926e-01   2.2272287e+00   1.0884971e+00   1.7580327e+00   1.6073557e+00   2.4425737e-02   3.1418002e-01   2.0811110e-01   1.5649396e-01   1.4348615e+00
  -5.1144905e+00   3.3391660e-01  -5.3359796e-01   1.9802472e+00   1.2676223e+00   1.2895945e+00   8.4677656e-01   5.7940436e-02   5.6361020e-01   1.5513006e-01  -3.1670753e-01   7.3381629e-01
  -4.8286025e+00   1.0369636e-02  -7.6456753e-01   1.7636434e+00   6.2428951e-01   4.8639865e-01   7.3634082e-01   1.7540934e-02   5.8593019e-01   4.5019711e-01   5.1519497e-01   1.0251941e+00
  -3.8272001e+00   1.5577891e+00  -1.9300210e-01   3.1069979e+00   1.3716846e+00   9.7112574e-01   9.3184800e-01   7.1299572e-01   5.2782927e-01   5.7912691e-01   2.5938362e-01   1.2581280e+00
  -4.2323987e+00   9.8293316e-01  -1.2726816e+00   1.8366016e+00   6.9767824e-01   6.1123243e-01   5.3930646e-01   1.1089229e-01   6.7166564e-01   3.8302242e-01   4.7317411e-01   1.2758015e+00
  -3.9652867e+00   1.0856958e+00  -9.0876312e-01   2.3419019e+00   7.4355765e-01   8.9301148e-01   8.8948218e-01   1.5150600e-01   6.5685714e-02   1.7232789e-01  -2.3690133e-01   1.0150444e+00
  -4.2957777e+00   1.1205565e+00  -1.2649032e-01   2.3082176e+00   9.7277598e-01   8.7793578e-01   7.7093825e-01   2.3775076e-01   4.8608848e-01   9.8118911e-01   2.1461198e-01   3.8229997e-01
  -5.4725612e+00   1.0490754e+00  -6.7100325e-01   2.2200117e+00  -9.7194303e-02   1.1014943e-01   5.0483583e-01  -4.3816821e-01  -1.9039007e-01   4.3274061e-01  -1.6551351e-01   4.7516933e-01
  -5.3294403e+00   1.2322994e+00  -4.2613215e-01   1.8961660e+00   4.3214210e-01   1.1535359e+00   1.3531413e+00  -2.3513902e-01   2.2340525e-01   8.0865548e-01   2.8676733e-01   3.5057196e-01
  -6.0047335e+00   1.4856637e+00  -2.0502600e-01   2.0086955e+00   1.0199094e+00   1.0702722e+00   1.3772011e+00  -5.7504134e-01  -5.4257949e-02   9.3215710e-01   1.5768616e-01  -1.7782509e-01
  -5.6037894e+00   2.3034906e+00   5.0385700e-01   3.0573857e+00   1.5368403e+00   2.0045902e+00   1.9547635e+00   2.8087173e-01   7.6859961e-03   6.4649749e-01   7.9176029e-02  -1.1372221e-01
  -5.9802497e+00   2.0276948e+00   1.2610624e-01   2.5900356e+00   1.1151913e+00   1.4368840e+00   1.1739716e+00  -2.2695043e-01   2.5992547e-01   5.9220299e-01  -7.2972799e-01  -1.0923236e-01
  -5.7610284e+00   2.4156413e+00   3.7832551e-01   2.0943531e+00   4.2069663e-01   1.6548158e+00   1.8373550e+00   3.9228782e-01   5.5172353e-01   7.8900066e-01  -2.6835880e-01   1.5849327e-01
  -5.3346008e+00   2.0903366e+00   3.0835691e-01   2.1587423e+00   1.0166377e+00   1.5603125e+00   1.0395473e+00  -1.9980453e-01   6.6014911e-01   6.8571561e-01  -5.7376766e-01  -2.0819969e-01
  -4.5463605e+00   2.2361013e+00  -6.2302861e-01   1.0505281e+00   3.5647075e-01   1.0151229e+00   9.8610939e-01   1.4661265e-01   7.1993067e-01   5.9727360e-01  -7.6633460e-02   3.8150874e-02
  -5.4559474e+00   1.8839283e+00  -5.7704786e-01   1.6424784e+00   6.4164546e-01   1.1269808e+00   9.6557235e-01   2.4403135e-01   4.7028239e-01   2.6729596e-01  -3.5395499e-01   1.1508950e-01
  -4.2738688e+00   2.7452549e+00  -6.9843057e-02   1.8360434e+00   4.7664807e-01   3.9238618e-01  -6.6177696e-02  -7.4434709e-01  -4.8400707e-01  -4.5440820e-02  -5.0749096e-01   8.6733869e-03
  -5.3336352e+00   2.2740136e+00   6.9219847e-01   2.0485928e+00   4.2367195e-01   9.0274013e-01   8.3001617e-01  -4.4546503e-01  -2.2666164e-01   5.2403929e-01   1.8494036e-01   4.6081945e-01
  -5.7305598e+00   3.5004962e-01   1.6814993e+00   2.8517931e+00  -6.5627724e-01   6.8680823e-01   1.8498933e+00  -4.2252532e-01  -1.2217954e-01   9.0999548e-01   3.7216371e-02  -8.2779547e-01
  -2.3378617e+00  -2.9048316e-01   1.6296307e+00   4.6460937e-01  -1.3682713e+00   2.3373317e-02   1.7927608e+00   9.4210136e-01  -2.3155838e-01   5.0262095e-01  -2.8990861e-01  -3.4937591e-02
   1.2072443e+00   5.3096752e-01  -1.5349777e-01   7.8141460e-01  -2.2603584e+00  -3.7037525e-01   6.8685194e-01   1.1778559e+00  -4.1594425e-01   7.6644326e-02  -7.6970524e-01   6.4333339e-01
  -3.4568815e-01   7.4969042e-01   1.5186716e+00   8.1594743e-01  -1.3934483e+00   1.3238633e-01   8.7482623e-01  -1.9584746e-01   2.0596496e-01  -5.7499108e-01  -1.1028295e+00   1.1458767e+00
  -1.0045473e-01   1.3751021e+00   8.6025318e-01   1.7569323e+00  -1.4194568e+00  -4.3853373e-01   1.2500277e+00  -1.1964462e-01  -2.0379856e-02   1.4711312e-01  -3.7528529e-01   3.8989110e-01
  -7.5523648e-01   1.8090585e+00   4.4791607e-01   1.2439869e+00  -1.8109039e+00   3.7496491e-01   1.2364783e+00  -4.7531169e-01  -2.1334918e-01   2.4879717e-01  -4.1609645e-01   1.7717387e-01
  -6.6068081e+00   4.2858450e-01   8.8762259e-01  -9.5438997e-02  -9.0176794e-01  -3.4980587e-02   2.1163211e-01  -1.0820023e+00   9.4214316e-02  -1.0670796e+00   4.6419385e-02   6.5489277e-01
   5.6696988e-01   1.1030708e+00  -4.3440521e-01  -1.7530960e-01  -9.2591090e-01  -8.9527486e-01   8.7527439e-01  -8.8292297e-01   5.3666256e-01  -1.0535022e+00  -1.1227262e+00   1.0680863e+00
   1.1331202e+00   1.4167510e+00  -1.1214416e-01  -3.2695948e-01  -1.3236642e+00  -1.2192579e+00   4.5023075e-01  -5.8998101e-02   4.6573307e-01  -8.2118794e-01  -9.9039628e-01   4.2845505e-01
   9.4291139e-01   2.0504640e+00   2.9188920e-02   3.5083506e-01  -4.5634092e-01  -1.9993710e-01   3.9729348e-01   5.0059630e-01   1.0310295e+00  -7.7046303e-01  -9.0352755e-01  -3.1531425e-01
   1.8825936e+00   1.3347265e+00   3.0780844e-01   9.4184114e-01  -5.5511821e-01  -1.6322469e-01   8.4091084e-02   5.7223202e-01   8.4761488e-01  -8.2916433e-01  -5.0822012e-01  -1.5481134e-01
   2.3581979e+00   6.9669590e-01  -1.3394081e-01   1.4446766e+00   1.7218346e-03   7.8951633e-02   4.2760195e-01   8.6431935e-01   3.7317790e-01  -6.1584455e-01  -5.8606735e-01  -5.4277460e-01
   3.2703432e+00   1.8457403e-01   5.4104560e-01   1.0204859e+00  -8.5455562e-01  -9.1919647e-01  -1.4841188e-01   6.5225094e-01  -5.3361395e-02  -6.9083909e-01  -1.7305885e-01   1.6123288e-01
   3.1040442e+00  -9.4572934e-01  -3.5504252e-01   8.5791429e-01  -8.7865821e-01  -1.4481074e+00   1.1325550e+00   8.3650516e-01   6.0095753e-01  -1.1147751e+00  -5.0275270e-01   2.6777733e-01
   1.8452765e+00  -1.1565996e+00   6.6178165e-01   9.6659760e-01  -1.2578671e+00  -6.2355676e-01   1.4722190e+00   1.4380240e-02   6.7350701e-01  -1.1409987e+00  -7.8231710e-01   9.8170181e-01
   1.1380416e+00   2.8540541e-01  -1.8352824e-01   9.3665790e-01  -2.7876457e-01  -1.9204884e-01   1.1519160e+00   4.5640468e-01   1.4295667e+00  -5.6293297e-01  -7.6119445e-01   8.1278527e-01
   6.1522469e-01   1.4074900e+00  -4.5649785e-01   2.3714405e+00  -6.8027154e-01  -3.1927177e-01   4.0773787e-01   5.1764958e-01   2.2731411e-01  -3.4854438e-01  -1.3015978e+00   1.1664756e+00
   4.0579486e-01   5.9770510e-01   1.6770124e-01   1.8873950e+00  -1.0647165e+00   5.4197075e-02   7.5880602e-01   7.1857480e-01   9.5441338e-01   1.2931414e-01  -9.1042290e-01   1.5399267e-01
   3.5077041e-01   1.4781714e+00   1.8205904e-01   1.6802165e+00  -1.2592459e+00   2.8273611e-01   9.2394102e-01   4.3722731e-01   3.4183213e-01  -6.9106655e-02  -6.1974170e-01   7.3784177e-01
  -3.3758205e+00  -2.1553032e+00   1.7796334e+00   1.1493505e-01  -7.0061907e-01   1.1457205e-02   5.2048132e-01  -1.0444757e+00   6.5346339e-01  -1.9797165e-01   2.8167353e-01   7.3771431e-01
   1.3644777e-01  -2.3586956e+00   1.0539528e+00   1.5177352e+00   1.5932412e+00  -7.4596568e-01  -1.2699732e-01  -1.9459611e+00  -7.0063810e-02  -8.2351794e-01   2.6749514e-01   3.0617756e-01
  -5.0438854e-01  -2.4450873e+00   1.2245239e+00   2.1092255e+00   2.2483871e+00  -7.1861944e-01  -1.7192308e-01  -1.4609811e+00   4.5745689e-01  -3.6621849e-01   7.2411235e-01   1.5952663e-01
  -8.8748530e-01  -2.7978768e+00   1.3498553e+00   2.5534277e+00   2.3377306e+00  -6.9127583e-01  -1.0259676e+00  -1.2371121e+00  -1.0059164e-01  -5.3405171e-01   1.0883655e+00  -1.6733467e-01
  -5.2645563e-01  -3.0916467e+00   1.1277014e+00   2.1020193e+00   2.5028131e+00  -1.0440272e+00  -1.2538630e+00  -5.7337723e-01  -4.2272187e-01  -2.8506265e-01   8.0196628e-01  -4.0040836e-01
  -4.7539283e-01  -3.0100555e+00   9.6650199e-01   1.8629287e+00   2.4383260e+00  -1.1227199e+00  -3.8928560e-01  -1.2227187e+00  -2.4760140e-01  -3.6513492e-01   9.2593603e-01  -2.5127164e-01
   1.7362158e-01  -2.1379139e+00   3.8104730e-01   2.1107941e+00   2.3865835e+00  -1.2660422e+00  -5.8665984e-01  -7.7574460e-01  -7.4241690e-01   1.3321297e-01   1.0213942e+00  -3.4806819e-01
   7.7576013e-01  -1.2990195e+00   7.0704090e-01   1.4932246e+00   2.9307696e+00  -9.8572707e-01  -9.6185405e-01  -5.2260201e-01  -8.1477596e-01  -5.8651942e-02   7.2072249e-01  -1.4558989e-01
   2.8921904e-01  -1.1119202e+00   3.4208336e-01   1.3156841e+00   3.1459006e+00  -8.4858945e-01  -4.0371375e-01  -9.2652587e-01  -2.9818040e-01  -1.2548827e-02   6.2397188e-01   2.8341335e-01
   2.3120198e-01  -1.0554085e+00  -2.9433398e-01   1.4652781e+00   3.0929995e+00  -1.2209883e+00  -6.2607731e-01  -7.9198559e-01  -6.1193895e-01   4.3291148e-02   9.0830263e-01  -6.4429031e-02
   1.2068239e+00  -9.1860911e-01  -8.2425132e-01   1.3011933e+00   3.3182316e+00  -1.6949270e+00  -2.7117179e-01  -8.0284592e-01  -7.1162905e-01  -1.1215659e-01   8.7304746e-01   2.2361972e-01
   8.4385855e-01  -1.7040689e-02  -5.8733122e-01   7.1694747e-01   2.8449625e+00  -9.9113194e-01   2.0906614e-01  -8.8917564e-01  -1.0525919e+00   4.9129499e-01   7.7174572e-01   3.5625388e-01
  -2.9958523e-01   5.9696239e-02   2.2570568e-01   1.4985076e+00   2.8905795e+00  -8.6071186e-01  -3.0716821e-01  -9.5099344e-01  -9.4371545e-01   7.5368188e-01   1.1046179e+00   6.4683004e-01
  -1.5081692e+00  -9.6842338e-01   1.1782701e+00   1.5387060e+00   1.9442472e+00   1.0249373e+00   2.9719378e-01  -7.0663476e-01  -4.1996823e-01  -1.3049470e-01   2.6496169e-01   6.3711212e-01
  -3.4443720e+00  -2.3880089e+00   8.1123855e-01   3.9512035e-01   1.3270320e+00   4.4844881e-01   8.2100228e-02  -8.7010180e-01  -6.0959489e-01   1.7419643e-01   8.5846352e-01   8.6961520e-01
  -5.3342079e+00  -3.0812035e+00  -2.3745014e-01   6.2689763e-02   1.6875685e+00   5.3680024e-01  -6.7548567e-01  -8.4930253e-01  -3.0595240e-01  -1.0927875e-01   5.2690193e-01   5.1955971e-01
  -5.8782566e+00  -2.2858196e+00  -3.6810346e-01   1.4700490e-01   1.2221693e+00  -2.2625977e-01  -2.4460183e-01  -1.0643286e+00  -2.9083993e-01   7.7451429e-02   1.2212688e+00   1.1959670e+00
  -6.5203146e+00  -2.2634711e+00   1.9790518e-01   5.7696692e-01   1.9655933e+00   4.8616569e-01  -7.1201019e-01  -1.2621098e+00  -7.0150566e-01  -6.3074167e-03   3.4460091e-01   5.8895964e-01
  -7.5289592e+00  -3.1461368e+00  -8.7760074e-01   5.2024764e-02   1.4552234e+00   3.9396178e-01  -3.5873837e-01  -8.0386687e-01   1.6086991e-01   4.2708530e-01   6.9779019e-01   4.5688388e-01
  -6.3378323e+00  -2.6728885e+00  -3.1488399e-01   3.0359693e-02   1.3721273e+00   4.7398675e-01  -2.2338416e-01  -1.1564419e+00  -2.9796429e-01   3.0191645e-01   7.1277157e-01   6.5453335e-01
  -5.0920768e+00  -2.5603677e+00   8.2224097e-02   7.4083055e-01   1.1151071e+00   6.6436239e-01  -8.1253565e-02  -1.1916081e+00  -3.0367717e-01   5.0061372e-01   9.3679085e-01   5.2174710e-01
  -4.0556032e+00  -2.6791627e+00  -2.1866487e-01   8.5667158e-01   1.1810708e+00   1.1435824e+00   8.4875312e-02  -1.1237575e+00  -6.1750575e-01   2.1282769e-01   8.4485077e-01   7.3173054e-01
  -3.8543185e+00  -1.3787842e+00  -1.9296152e-01   1.6793411e+00   5.8378202e-01   3.6591116e-01  -4.0452513e-01  -9.9037302e-01   3.0361766e-02   2.2791432e-01   1.0110472e+00   1.1554803e+00
  -3.4390739e+00  -3.9912182e-01  -7.9772658e-01   7.1998290e-01   7.2831028e-01   1.2757695e+00  -3.3377867e-01  -1.1518550e+00   2.6189296e-01   6.1366629e-01   9.6890145e-01   7.1622416e-01
  -3.9498023e+00   9.0546840e-01  -4.3022514e-01   1.2507885e+00   5.7185868e-01   1.4815627e+00   3.9436885e-01  -9.8199399e-01  -1.4084675e-01   5.2929396e-01   8.1555296e-01   6.8508550e-01
  -6.4026662e+00   5.2918911e-01  -1.0321146e-01   3.2560618e-01   7.6245229e-01   8.0584829e-01  -3.7540715e-01  -1.5205896e+00  -9.4908310e-02   9.7788148e-01  -1.9821090e-01  -1.2401930e-01
  -7.0151954e+00   1.7131560e+00   4.6951995e-01   7.7009534e-01   1.9149531e+00   1.0150637e+00   7.0314288e-01  -1.3665034e+00   3.1288654e-01   5.0922548e-01   8.6604107e-03   5.1787313e-01
  -6.7936580e+00  -1.3026062e+00   7.3335455e-01   2.3133715e+00   3.4445139e-01   1.6296246e+00   1.7132407e+00  -1.0179643e+00   6.0478516e-01   9.4566549e-01  -2.6824662e-01   9.0681299e-01
  -6.7115479e+00  -1.3840738e-01   4.8354331e-01   1.4055568e+00   3.6231334e-01   1.5728702e+00   3.3244247e-01  -8.4933910e-01   7.1174078e-01   2.2792060e-01  -8.0022456e-01   8.0190288e-01
  -5.1733277e+00   1.7468756e+00   3.0957558e-01   2.5281483e+00   1.4286445e+00   1.8979671e+00   6.0093925e-01  -5.5381344e-01   9.8703748e-01   1.2125688e+00   7.8593867e-03   4.9019950e-01
  -4.9545465e+00   2.3616277e+00   5.5173286e-01   2.4513962e+00   1.4823110e+00   1.4887244e+00   1.0677405e+00  -3.5553087e-01   7.2035381e-01   6.8947563e-01   2.3590080e-01  -2.3722385e-01
  -5.0323863e+00   1.9423831e+00  -4.0584124e-01   2.5973119e+00   1.6496114e+00   1.6657075e+00   1.3974368e+00  -2.9811549e-02   2.2787970e-01   7.9151323e-01   2.3283198e-01   3.8900178e-01
  -5.7580723e+00   1.4138273e+00   4.6373754e-01   2.7308694e+00   1.3308051e+00   1.5221934e+00   1.3376909e+00   3.9893315e-01   3.8190553e-01   7.0728169e-01   7.7316769e-01   5.0694214e-01
  -6.4804645e+00   2.1633433e-01   1.4247322e+00   2.0791794e+00   4.0798604e-01   1.7658107e+00   1.2098596e+00   2.3279837e-02   1.2446140e+00   3.0783072e-01  -6.8197911e-01   1.9136408e-01
  -6.4087966e+00   4.5379420e-01   1.6457057e+00   1.5606997e+00   3.8474663e-01   2.7511777e+00   1.4169274e+00   7.1891548e-02   7.7973863e-01   2.3430497e-01  -2.6673462e-01   5.1263278e-01
  -6.2805882e+00   9.1300658e-01   1.4918602e+00   7.7365920e-01  -6.4491601e-02   2.3174037e+00   1.1196689e+00  -3.1718624e-01   4.3751563e-01  -1.7085182e-01  -2.8091561e-01   7.1375879e-01
  -5.3143308e+00   1.1347018e+00   1.1975622e+00   1.5306471e+00   7.4676184e-01   2.3589708e+00   1.4731308e+00  -4.2549862e-01   5.4046644e-01   4.9614047e-01  -1.2069207e-01   3.9127001e-01
  -8.4453204e+00  -7.0807471e-01   1.7457870e+00   2.2296729e+00   1.7609634e-01   1.7000145e+00   1.0887413e+00   1.8665295e-01   7.4681238e-01   4.4723364e-02   8.3701751e-03  -2.1640730e-02
  -9.4561836e+00   1.4668273e-01   2.4517462e+00   1.9995849e+00   1.0067914e+00   1.6886714e+00   1.2700417e+00  -7.3084013e-02   3.2681933e-01   5.8902532e-01   5.0689510e-01   3.8735939e-01
  -8.8835904e+00  -1.8265427e-01   1.6358944e+00   1.4298972e+00   5.1261353e-01   1.2718889e+00   1.2855820e+00   2.9721046e-01   9.5866214e-01   5.2188650e-01   4.8903666e-01   3.5285598e-01
  -5.9400663e+00  -3.7344970e-02   1.2161433e+00   1.8073418e+00  -2.3822788e-01   9.6921310e-01   9.8252123e-01   3.1735534e-01   7.1438573e-01   1.8383325e-01   4.0666051e-01   6.6739611e-01
  -5.8343301e+00  -4.9298709e-02   1.5667361e+00   2.1603557e+00   7.4712630e-01   1.7258819e+00   1.5460039e+00   1.9134903e-01  -3.9221109e-01  -1.4032594e+00  -2.0828563e-01   1.1331309e+00
  -9.7921235e+00   1.0695062e+00   2.7183253e+00   1.2015415e+00   1.6583421e+00   1.0525223e+00   5.9377327e-01  -2.3180104e-01   2.2513414e-01   6.6219621e-01   1.5652751e-01  -2.4039427e-01
  -8.9812493e+00   9.3532015e-01   2.1615251e+00   1.5462377e+00   1.0415467e+00   1.6380478e+00   1.5430379e+00  -3.9299456e-01   7.0199540e-01   3.9521522e-01   2.3324146e-01   2.8380886e-01
  -7.6513531e+00   6.0761779e-01   1.3409021e+00   1.3685281e+00   6.7736453e-01   2.3501096e+00   1.6803793e+00   4.1334099e-01   1.4461072e+00   8.8261385e-01   4.7515070e-01   3.5598981e-01
  -7.0279214e+00   1.5217493e+00   2.1496146e+00   1.4818727e+00   1.9210473e-01   1.8875914e+00   8.9570448e-01  -8.3286623e-01   5.4281522e-01  -4.5605317e-01  -7.4948695e-01   2.1487750e-01
  -7.4511397e+00   3.3657105e-02   2.2998221e+00   2.3824369e+00   3.2614505e-01   1.9132537e+00   6.4608195e-01  -1.5363101e-01   1.0946765e+00   6.4169452e-01  -1.6273091e-01   3.6775414e-01
  -7.1293598e+00   9.7613287e-01   2.4526767e+00   2.2578869e+00   4.7482043e-01   2.0576301e+00   9.0077083e-01  -3.4083899e-01   1.0293378e+00   1.2825041e-01  -1.8276061e-01   8.8657650e-01
  -7.8399121e+00   5.3485205e-01   2.0376005e+00   2.0426731e+00   7.3840804e-01   1.5606337e+00   4.9801094e-01  -5.9206404e-01   7.4874678e-01   7.0163218e-01   3.1269046e-01   7.8494761e-01
  -7.9105708e+00   1.4577663e-01   2.1714515e+00   1.9102125e+00  -2.2852601e-01   1.7022720e+00   7.5800262e-01  -2.0627178e-01   1.0619705e+00  -8.8064317e-02  -2.4386095e-01   1.6659636e-01
  -7.8709866e+00  -6.1007012e-01   1.2961682e+00   1.8656237e+00   9.3297078e-01   1.6407320e+00   4.5460360e-01   2.9685464e-01   1.0889464e+00   4.9792604e-01   2.1232858e-01   1.5015548e-01
  -8.5632285e+00  -1.2847928e+00   6.2752539e-01   1.8992360e+00   8.6298447e-01   1.6547557e+00   1.0627557e-01  -9.0589329e-01  -3.7847101e-02  -3.5692162e-01  -4.7177515e-01  -7.2402101e-03
  -7.6187816e+00  -4.0369039e-01   1.1001115e+00   1.2387970e+00   7.3539127e-01   1.3484284e+00   3.9394597e-01   2.5431357e-02   5.0788675e-01  -4.2943176e-01  -4.7942234e-01  -2.6223109e-01
  -8.9038098e+00  -4.8355643e-01   1.5510191e+00   1.7759740e+00   1.6511602e+00   1.1637718e+00   9.6207873e-01   3.9031672e-02   1.1887664e-01   5.4489345e-02  -1.3713858e-01   3.3543317e-01
  -8.7666015e+00  -5.5758684e-01   1.3894343e+00   1.7507242e+00   1.3368250e+00   7.2825622e-01   1.0109410e+00   3.8552513e-01   8.2858600e-01   6.7214638e-01   4.1141498e-01   4.6299936e-01
