  -6.7346769e+00   9.7904245e-01   1.3375419e+00   2.1231376e+00   1.3207917e+00   1.4789382e+00   2.1456748e-01  -3.1973332e-01   4.9548339e-01   2.9115904e-01  -6.4594243e-02   2.5473938e-01
  -6.7953739e+00   1.0479123e+00   1.6464894e+00   2.3184735e+00   1.8916190e+00   2.6165629e+00   8.4094123e-01  -2.1068053e-01   1.2932432e+00   1.1168806e+00   3.0685038e-02  -1.7591812e-01
  -7.2155457e+00   1.4914059e+00   1.8540440e+00   1.8011262e+00   1.2447399e+00   1.5421080e+00   4.0130212e-01   2.2142665e-01   8.9389381e-01   1.0346325e-01  -3.0645384e-01   1.8712955e-02
  -8.0855025e+00   1.4209691e+00   2.0351399e+00   1.8146810e+00   7.9111338e-01   1.3742633e+00   4.9218236e-01  -4.2933127e-01   4.3423375e-01   3.9603281e-01   2.3043861e-01   4.7544001e-01
  -9.7061260e+00   7.6556918e-01   2.1573177e+00   1.8892477e+00   1.1620263e+00   1.5954590e+00   9.6942648e-01  -2.0624472e-01   3.0589623e-01  -1.0372358e-01   2.7117843e-01   4.8423111e-01
  -1.1414017e+01   3.0328590e-01   2.6112020e+00   2.0780807e+00   5.6714083e-01   5.7284624e-01   8.8202063e-01  -2.2136086e-01   1.3370562e-01   1.5541857e-01   5.2885563e-01   2.5446086e-01
  -1.3298092e+01  -2.2615453e-01   2.2471028e+00   1.8240419e+00   4.2735947e-01   1.8125803e-02   9.7588185e-01   1.4649157e-01   6.8090381e-01   2.7892757e-01   4.5459168e-01   6.8238818e-01
  -1.2646671e+01   4.5027296e-01   2.0668308e+00   2.0611474e+00   9.6208587e-01   3.2709350e-01   2.0826270e+00   1.2336339e+00   1.1611483e+00   3.8099422e-01  -6.6741138e-02   6.3851133e-02
  -1.3128599e+01   4.8159499e-01   3.0096546e+00   2.2757665e+00   1.1480954e+00   3.1470607e-01   9.9216789e-01   3.2929071e-01   4.1986086e-01   1.4535740e-01  -1.1347334e-01   2.8705937e-01
  -1.3146159e+01  -2.1708770e-01   2.9459757e+00   2.6150913e+00   1.5851016e+00   2.0109161e-01   1.4041248e+00   5.5665039e-01   1.2192934e+00   9.5035682e-01   4.1615161e-01   5.7348463e-01
  -1.3529189e+01   1.2940649e-01   3.5823423e+00   3.5108814e+00   1.9782984e+00   5.3756930e-01   1.0651039e+00   2.7027372e-01   5.8380135e-01   9.6580798e-01   5.8253983e-01   1.7199556e-02
  -1.2834149e+01  -2.9843207e-01   2.5967376e+00   2.5133543e+00   1.7026588e+00   7.1285309e-01   6.1812672e-01   3.0875718e-01   8.9314126e-01   3.3962329e-01  -2.4108307e-01   1.9426551e-01
  -7.5196188e+00  -1.5509072e+00   2.5995750e-01   3.5887358e-01  -9.5723313e-01  -2.1838494e+00   6.9162101e-01   1.3227171e+00   1.3704626e+00  -1.4525838e-01  -2.0273186e-01   7.1933882e-02
  -1.0962431e+00   4.5735131e-01  -3.9369165e-02   3.5778155e-01  -1.2640870e+00  -2.0792228e+00   6.6605008e-01   1.2689224e+00   7.4216645e-01  -4.1245478e-01  -3.6218502e-01   9.0920642e-02
  -6.1517756e-01  -3.4967863e-01  -5.8520597e-01   8.9675232e-01  -1.4942850e+00  -1.4050136e+00   1.0369706e+00   8.5475160e-01   5.2848894e-01  -2.7526272e-01  -7.0768732e-01   3.0001843e-01
  -8.9241609e-01   2.1261186e-01   1.7171057e-01   6.3901317e-01  -4.8370098e-01  -9.5475102e-01   1.6585760e+00   8.4293895e-01  -2.4447322e-01  -9.7922072e-01  -2.7374155e-01   2.3958014e-01
  -1.7154237e+00   1.6172926e+00   5.0045371e-01   4.7447308e-01  -4.5199598e-01  -1.2836740e+00   4.0585063e-01  -1.8162043e-02   1.4059626e-01  -7.9836099e-01  -4.4593822e-01   8.3718482e-01
  -2.7443404e+00   1.3381174e+00   7.1076378e-01   5.5720751e-01  -6.3053109e-01  -2.6270484e-01   1.1097119e+00   3.8844880e-01  -4.9291362e-02  -3.0236290e-01  -4.1943308e-01   4.9770818e-01
  -1.6071876e+00   9.7651783e-01  -1.0803599e-01   5.3710008e-03  -2.5340557e-01  -6.9600156e-01   4.4371422e-01   4.3697763e-01   7.2295240e-01  -1.3865626e-01  -4.9295262e-01   6.0017014e-01
  -4.4463196e+00  -2.0394993e+00  -4.5388726e-01   1.8762570e+00  -5.3813912e-01   9.9632497e-01   8.2910578e-01  -1.0505582e+00   5.5654809e-01   6.4294080e-01   5.7965496e-01  -1.5957923e-01
   8.8625222e-01  -7.6712459e-01  -8.5413930e-01   1.2272015e+00  -1.4703303e+00  -1.8906736e+00   1.3044514e+00   1.6078537e-02   2.5128437e-01  -9.6086969e-01  -8.9146143e-01   5.3843818e-01
   1.2838588e+00   1.3340036e-01  -1.7886816e+00   1.2720121e+00  -1.7778134e+00  -2.0128680e+00   5.4948202e-01   2.0776971e-01   4.7411871e-01  -8.6608241e-01  -6.4563698e-01   7.0022069e-01
   1.7798650e+00   1.6176351e-01  -1.3320473e+00   9.3404801e-01  -1.6403942e+00  -1.9373423e+00  -1.5648451e-01   1.8188037e-01   1.1022659e+00  -8.9220834e-01  -5.4416473e-01   1.2494731e-02
   1.9312045e+00   4.9631064e-01  -8.2096983e-01   1.2203276e+00  -1.8328950e+00  -2.3752660e+00   4.9132808e-02   3.2840859e-01   6.6602608e-01  -2.1851399e-01  -4.7490412e-01  -1.4036224e-01
   1.2848329e+00   7.2393966e-01   3.5489928e-02   1.5511157e+00  -1.6340338e+00  -1.4775323e+00   9.3564064e-01   3.4185188e-01   8.7013394e-01  -1.7491764e-02   5.9048364e-02  -4.3110754e-01
   2.4153353e+00   4.7711315e-01   5.2563359e-01   2.3015018e+00  -9.8832380e-01  -6.2684554e-01  -2.5964469e-01   9.3537547e-02   6.5758677e-01  -3.3499676e-01  -5.1194987e-01  -4.8670544e-01
   2.8527620e+00  -1.7511046e-01   3.4718380e-01   2.3082136e+00  -1.2781907e+00  -1.1967625e-02  -3.1448318e-01   4.4136012e-01   7.1079368e-01  -2.6378581e-01  -5.6517993e-01  -5.6984183e-01
   2.1415278e+00   1.2007968e-01   2.5946461e-01   2.5508363e+00  -6.7003646e-01  -2.6655303e-01  -3.0080406e-01   4.9653764e-01   5.2555521e-01  -4.7706700e-01  -1.5200936e-01  -3.6437760e-01
   3.2664854e+00  -2.8390286e-02  -7.1732955e-01   1.7606569e+00  -1.8207020e+00  -1.1199059e+00   2.8189238e-01   1.0959922e+00   9.0910321e-01  -1.2485203e-01   3.9006077e-01   5.5171939e-01
   2.5868868e+00  -2.5751756e-01  -5.5193430e-01   1.6422292e+00  -1.6294128e+00  -1.0505529e+00   7.7302629e-01   8.3960732e-01   9.2941422e-01  -4.6389346e-01  -2.1857500e-01   7.4852388e-01
   1.3410340e+00  -1.0905404e+00  -5.8599555e-01   1.9425048e+00  -1.8255943e+00  -7.8920387e-01   1.3136725e+00   6.5570354e-01   1.2993001e-01  -4.0042572e-01  -2.1516540e-01   8.5270540e-01
  -7.3746671e-01   1.9735821e+00   6.3531480e-01   1.3786825e+00  -8.3270767e-01  -6.9128877e-01   5.1701667e-01   1.7685379e-01   8.6075464e-01  -4.6634962e-01  -1.5855604e-01   4.3119118e-01
  -3.2275620e+00   2.5704255e+00   3.2507601e-01   4.9225683e-01  -5.4167236e-01  -4.6661872e-01   6.8972220e-01   4.8979572e-01   8.0095735e-01  -9.6031237e-01  -5.7921747e-01   5.0389918e-01
  -4.8558549e+00   2.5588019e+00   5.1788101e-01   2.9953689e-01   3.8120521e-02  -5.1597365e-01   5.5979228e-01   5.4528399e-02   8.0174782e-01  -2.5508263e-01  -4.8700467e-01   2.2952796e-01
  -6.2333474e+00   2.7013269e+00   8.3823205e-01   6.0235597e-01  -8.1255796e-01  -8.7163195e-01   9.5746405e-01   2.6153976e-01   1.0982168e+00   5.4197751e-01  -8.1633914e-02   3.2249222e-01
  -5.4824434e+00   7.7194743e-01   7.6921311e-01   1.0136157e+00   2.4722216e-02  -3.0148517e-01   5.7199702e-01  -3.2442509e-01   5.5553114e-01   5.5653662e-02   1.6223498e-01  -7.4901247e-03
  -3.2652491e+00   1.9740146e-01  -4.9220438e-02   2.3608113e+00   1.9600433e+00  -3.7423208e-01  -4.1401084e-01  -1.5103321e+00  -3.8518293e-01  -3.0053436e-01  -4.1659457e-02   5.2238475e-01
  -2.9740287e+00  -5.5927211e-01   9.1808892e-02   2.7828741e+00   1.9912280e+00  -6.7993234e-01  -7.0741983e-01  -1.3449107e+00  -8.8004357e-02  -1.9881535e-02   3.0535160e-01   1.8140802e-01
  -3.1563257e+00  -8.4786806e-01   8.4780483e-03   2.7635396e+00   1.9472014e+00  -4.9447944e-01  -5.4585586e-01  -9.6799248e-01  -6.5874598e-02   1.4141648e-01   2.1079829e-01   5.2433212e-01
  -2.4260002e+00  -1.3500959e+00  -2.4945801e-01   2.7462433e+00   2.2804874e+00  -8.7332286e-01  -1.1592997e+00  -1.2428426e+00  -2.1002608e-01  -5.1419669e-02   3.8457809e-01   3.2553251e-01
  -2.0125792e+00  -1.6090403e+00  -4.0901074e-01   2.4632792e+00   2.0351738e+00  -7.7424462e-01  -8.5570557e-01  -1.2713597e+00  -1.2142118e-01   1.6960793e-01   3.1751642e-01   2.3875450e-01
  -2.2284770e+00  -1.3768861e+00  -3.5135886e-01   2.0479982e+00   2.1056524e+00  -5.0543823e-01  -3.2229481e-01  -1.0563903e+00  -2.8561288e-02   3.0100546e-01   5.6262488e-01   6.4863420e-01
  -1.5193104e+00  -1.4589348e+00  -4.4372821e-01   1.9432954e+00   2.1555028e+00  -7.4246376e-01  -4.5848119e-01  -1.3648852e+00  -7.6006719e-02   2.6599243e-02   5.7868476e-01   5.9357913e-01
  -1.5974662e+00   3.3745780e-01  -2.1831579e-01   1.0834395e+00   2.2535581e+00  -4.1355088e-01   8.8108805e-03  -1.2338976e+00  -1.4906939e-01  -3.4014403e-02   8.0090946e-01   4.5503032e-01
  -2.4720962e+00  -3.1445966e-01  -2.2627926e-01   1.8980896e+00   2.4973894e+00   2.0467541e-01   3.6764742e-01  -1.1497442e+00   1.8853510e-01   4.2176963e-01   6.1004283e-01   5.3076091e-01
  -3.9906756e+00  -3.5531547e-01   4.9424133e-01   1.1339957e+00   1.9178784e+00   5.0153529e-01   2.0737198e-01  -1.0012003e+00  -9.5670573e-02   1.0397059e-01   7.2051224e-01   4.7751875e-01
  -7.0154147e+00  -1.4816222e+00  -4.5774699e-01   8.2825106e-01   1.2825790e+00  -4.5693405e-01  -4.2185375e-01  -8.6576074e-01   1.0093152e-01   1.8072073e-01   7.7007484e-01   1.4541196e-01
  -7.7960198e+00  -1.1451964e+00   9.1259935e-02   1.8006615e+00   1.5487363e+00   5.5286768e-02  -2.2219395e-01  -1.2247843e+00  -2.2594580e-01   2.4280059e-01   8.9613137e-01  -8.6216131e-02
  -7.7565802e+00  -1.5044767e+00  -9.7799345e-01   7.7903310e-01   1.1554109e+00   3.3320178e-01   1.2101424e-01  -1.3602887e+00  -3.9455127e-01   1.9381509e-01   1.0995119e+00   4.4246280e-01
  -8.2541387e+00  -1.2669103e+00  -9.2089740e-01   9.7195338e-01   1.2278533e+00   6.7415124e-02   1.6631267e-03  -1.0038699e+00   2.7794122e-01  -7.1667879e-02   1.1481526e+00   4.8460532e-01
  -7.8622292e+00  -2.4938731e+00  -1.0569314e+00   1.3479411e+00   1.1985117e+00  -8.4690546e-02   5.5478172e-02  -1.0753441e+00  -2.4961474e-01   1.0099568e-01   1.0051592e+00   6.2305544e-01
  -6.9368427e+00  -2.5070792e+00  -8.0552557e-01   1.0029689e+00   1.4835414e+00   5.9649819e-01   3.4145247e-01  -1.1227456e+00  -1.1519640e-01  -1.9327341e-01   1.0109173e+00   2.1615397e-01
  -5.4734780e+00  -2.8043120e+00  -8.9326035e-01   4.0914735e-01   1.0204174e+00  -2.0807827e-01  -4.5577454e-01  -9.7673040e-01   2.5563701e-01   2.3803771e-01   1.0598634e+00  -1.2536747e-01
  -5.1647556e+00  -1.6817625e+00  -9.9111004e-01   4.6404510e-01   1.1432973e+00   7.7012791e-01  -1.7598772e-01  -7.7256516e-01   1.9120955e-01   9.5874763e-01   1.1165275e+00   6.0719249e-01
  -4.9417519e+00  -1.6999118e+00  -1.2685536e+00   7.6841238e-01   1.0996419e+00   9.7078624e-01   2.1700141e-02  -2.1073576e-01   1.5153467e-01   2.5008440e-01   4.7311816e-01   1.9661607e-01
  -4.8107934e+00  -2.2022508e-01  -3.8045857e-01   1.7105484e+00   1.4787780e+00   1.7168539e+00   2.2733604e-02  -4.8407306e-01   1.5794599e-01   1.0723287e-01   1.8607820e-01   7.1204073e-01
  -8.2822134e+00  -2.4898104e-01   8.2101200e-01  -9.5393250e-02   9.0554478e-01   1.5171749e+00   4.1542825e-01  -5.2233208e-01   1.1625333e+00   9.9386481e-01   4.6020218e-01   2.7235284e-01
  -6.6809897e+00   3.5940410e-01  -2.2843127e-01   9.2902393e-01   1.6108078e+00   1.9447811e+00   6.7148823e-01  -5.8514023e-01   7.4207832e-01   6.8687439e-01   3.8848654e-01   2.7536837e-01
  -7.9234785e+00   1.2255539e+00   2.8257782e-01   1.6254618e+00   1.3521075e+00   1.9036745e+00   9.4631086e-01  -1.2181170e+00   8.3199751e-01   9.3660755e-01   8.1972848e-01   6.5886768e-01
  -7.5019971e+00   3.8532263e-01   3.2320046e-01   1.0782228e+00   1.5226224e+00   2.0829781e+00   4.9100363e-01  -8.1236482e-01   6.4069985e-01   4.1155328e-01   3.3272503e-01   2.1156844e-01
  -8.4746133e+00   2.7801574e-01   9.8996338e-01   1.2621863e+00   1.4146325e+00   2.4120971e+00   9.7356479e-01  -2.9771971e-01   7.0463712e-01   3.7265823e-01   4.1787067e-01   8.0631264e-01
  -1.0121046e+01   7.5735323e-01   1.1279740e+00   1.3033924e+00   8.6550463e-01   1.7675095e+00   1.5796665e+00  -2.0852678e-01   6.6490248e-01   2.5343093e-01   4.6154728e-01   4.7168753e-01
  -1.1760644e+01   1.1149571e+00   1.7443475e+00   1.9143918e+00   1.4505013e+00   1.0916019e+00   8.5595740e-01  -6.4215922e-01   1.9587595e-01   3.4562563e-01   7.0471931e-01   3.7533030e-01
  -1.1949449e+01   1.3399697e+00   1.7575064e+00   2.0353774e+00   1.2135333e+00   4.1014144e-01   1.4466579e+00  -5.1737609e-01   9.4777723e-03   2.7219702e-01   1.8334760e-01  -2.5601416e-01
  -1.2706842e+01   6.3942766e-01   2.2127975e+00   2.3745256e+00   1.1509903e+00   3.9567529e-01   1.4626241e+00   1.3073481e-01   3.8402576e-01   2.1518237e-01   3.5310203e-01   2.4154299e-01
  -1.3694584e+01  -7.0204447e-02   1.6603101e+00   1.8067531e+00   1.7392603e+00   4.1862172e-01   1.5664024e+00   3.3806422e-02   4.5045737e-02  -5.7328076e-01  -2.0366624e-01   1.1323245e-01
  -1.3848730e+01  -7.0115224e-01   1.7334009e+00   2.3967794e+00   2.5052424e+00   1.1286618e+00   1.4125701e+00  -1.9814616e-01   3.8415601e-01   2.2473244e-01   3.4455856e-01   4.4051116e-01
  -1.2806679e+01  -7.5358130e-01   1.8059858e+00   2.4506940e+00   2.1945524e+00   1.0573978e+00   1.4156127e+00   3.2916350e-01   8.3577165e-01   7.2514278e-01   2.9366649e-01   2.7960449e-01
  -1.2074931e+01  -2.6112603e-01   1.8993477e+00   2.4701335e+00   1.9701578e+00   5.8518418e-01   1.3857298e+00   1.0135853e-01   5.5108995e-01   4.7969247e-01   4.5818257e-01   4.0759558e-01
  -1.1802586e+01  -4.3110001e-01   1.9950973e+00   1.7168886e+00   7.4898356e-01   7.3327347e-02   4.3387149e-01   1.8037753e-01   7.0411710e-01   5.9173305e-01   4.3636040e-01   7.2171334e-01
  -1.0980180e+01  -3.4070805e-01   1.2778748e+00   1.1438363e+00   1.2163396e+00   2.1611182e-01   1.1007646e+00  -3.8859251e-02   7.3663745e-01   1.0913423e+00   1.0473958e+00   5.5459459e-01
  -1.0753679e+01  -4.2289788e-01   1.9045520e+00   2.0105758e+00   1.2999940e+00   7.8099328e-02   6.6693259e-01  -1.4907600e-01   5.2706614e-01   9.5907276e-01   6.8175052e-01   2.2555312e-01
  -1.0019251e+01  -2.6572115e-01   1.5396440e+00   1.7969450e+00   1.4489146e+00   6.8227982e-01   1.2791491e+00  -1.1234913e-01  -3.5163330e-02   3.5850129e-01   4.4196218e-01   4.2898210e-01
  -1.0059414e+01  -3.6134114e-01   1.1458526e+00   1.4646304e+00   1.8603483e+00   9.3665579e-01   8.1351999e-01   2.8419475e-01   9.2041247e-01   5.6637998e-01   5.9971105e-01   9.0517473e-01
  -1.0199800e+01  -3.5057900e-01   1.3075609e+00   2.5745888e+00   2.1267643e+00   1.2261091e+00   1.4376855e+00  -6.0382563e-02   2.4080028e-01   2.3276720e-01   1.9526188e-01   3.7216045e-01
  -1.0112719e+01  -2.7099560e-01   1.6175829e+00   2.0613412e+00   1.8644089e+00   1.2038619e+00   1.0781652e+00  -2.8028431e-01   2.8127349e-01   9.0332944e-01   1.2760076e+00   6.5512050e-01
  -1.0266287e+01  -7.9894611e-01   1.4119569e+00   2.5426273e+00   1.9704201e+00   8.2413060e-01   7.7406269e-01   2.1013875e-01   8.9373971e-01   6.3424778e-01   4.7366496e-01   2.0698570e-01
  -9.9004658e+00  -1.3390333e+00   1.1450620e+00   1.8706186e+00   1.5149407e+00   7.1373708e-01   2.3455509e-01  -6.5427533e-01   7.0078558e-01   6.9277424e-01   4.5305333e-01   4.4046910e-01
  -8.8714327e+00  -6.6505026e-01   1.7145314e+00   2.2979980e+00   1.1340794e+00   8.6578845e-01   6.2878280e-01   2.8553325e-01   5.1979189e-01   9.7983101e-02   1.0544997e-03  -7.3598096e-02
  -7.6491268e+00   2.4152306e-01   1.9294171e+00   2.0714579e+00   1.4411911e+00   1.4782816e+00   9.1333616e-01  -1.6155347e-01   8.3543326e-01   5.8610274e-01   1.4924462e-02   2.2421487e-01
  -8.0259588e+00  -4.5303804e-01   1.6187546e+00   2.5836429e+00   1.7995048e+00   1.8035238e+00   1.1592871e+00   5.3053245e-02   9.3794004e-01   7.5454282e-01  -1.5176816e-01  -2.0794161e-01
  -7.6057366e+00  -1.7243158e+00   9.5461703e-01   2.3656622e+00   8.3700990e-01   1.0849098e+00   7.5567645e-01  -4.0085722e-01   1.4110950e-01   8.8117446e-01   5.6273682e-01   2.8345074e-01
  -7.5644772e+00  -5.2819586e-01   9.7504562e-01   5.8214977e-01   1.1743202e+00   1.8657986e+00   1.7556258e+00   8.1804741e-01   6.0578490e-01  -1.9406757e-02  -5.2623426e-01   1.1671307e-01
  -7.9002663e+00  -9.1161882e-01   5.9263992e-01   5.1868177e-01   3.4954169e-01   9.5295296e-01   1.1955315e+00   3.6689380e-01   3.8364996e-01   1.9657653e-02  -3.7705763e-01  -2.5884391e-01
