  -6.5382310e+00  -1.0883538e+00   6.1984645e-01   1.4443572e+00   2.0809508e-01   1.3032939e+00   6.9186536e-01  -1.8918624e-01   1.6006285e-01  -6.3061305e-01   3.3544949e-01   1.0890028e+00
  -7.2098900e+00  -1.6605038e+00  -1.8735273e-01   6.7145488e-01  -2.8746033e-03   1.3466285e+00   4.3596782e-01   1.4156189e-01   7.3906915e-01  -1.6618531e-01   4.8347549e-01   1.0560980e+00
  -6.1687569e+00  -1.7462808e-01   1.0379502e+00   1.2665795e+00   5.0389589e-01   1.2977998e+00   4.8645745e-01   1.4115676e-01   1.1118663e+00  -3.0375546e-01   4.5875667e-01   1.2468034e+00
  -6.2506366e+00  -1.6154979e-01   8.7268807e-01   1.5843171e+00   5.7015418e-01   1.6078680e+00   8.8464368e-01   6.7285200e-01   8.7547827e-01  -2.5918805e-01   4.7347924e-01   1.3093074e+00
  -6.2591331e+00   5.2492417e-01   1.1136835e+00   1.6948439e+00   2.3427524e-01   1.1975988e+00   4.0284283e-01   3.6997073e-01   1.6119221e+00   1.0740939e-02  -1.2367842e-01   9.0033732e-01
  -6.4901400e+00  -4.4365113e-02   5.2165120e-01   1.2374589e+00   7.7394949e-01   1.4779704e+00   7.4536645e-01  -3.9694433e-01   4.8556494e-01  -3.5530647e-01   8.9477090e-02   5.0633007e-01
  -6.6915319e+00   5.8825856e-01   9.0805059e-01   1.6894112e+00   9.0228010e-01   2.0636878e+00   6.9673349e-01   2.0174756e-01   1.1601872e+00   3.6132020e-01   6.6995990e-01   1.4511567e+00
  -6.1312292e+00   1.5816233e+00   1.8320934e+00   2.0921916e+00   9.9264082e-01   2.1944631e+00   6.6469631e-01  -2.4980885e-01   1.0071015e+00   7.7069753e-01   2.1400269e-01   6.1736037e-01
  -6.0716382e+00   2.0776698e+00   1.2289433e+00   1.6110989e+00   8.2058371e-01   2.0242329e+00   5.8954598e-01  -2.5245565e-01   7.3514095e-01   5.8333328e-01  -4.6840017e-01   4.0020863e-01
  -6.4996725e+00   1.0667134e+00   1.0973946e+00   1.7252086e+00   9.9600992e-01   2.1885645e+00   3.4337432e-01  -5.1248213e-01   9.7113577e-01   3.4492719e-01  -2.8145931e-01   7.6305271e-02
  -5.8102774e+00   1.2969850e+00   8.5164040e-01   1.5156328e+00   5.1041643e-01   1.8424855e+00   4.3768104e-01  -2.5075051e-01   7.3445772e-01  -2.1947495e-02  -5.2469709e-01   2.5141326e-01
  -4.8301718e+00   1.5832190e-01   7.3452258e-01   1.6754781e+00   5.6516715e-01   3.1380820e+00   8.0953902e-01  -4.4079651e-01   1.0775162e+00   5.5328520e-01  -4.3122268e-01   6.0424557e-01
  -4.2899859e+00   1.9609425e-01   4.3040154e-01   8.3725895e-01  -2.4395269e-01   2.5429365e+00   9.2487459e-01  -4.3136316e-01   5.5763840e-01  -2.6318302e-01  -9.9027373e-01   6.2681826e-01
  -4.5259797e+00  -1.3921873e+00   4.2414582e-01   1.4252668e+00  -5.4215437e-01   2.4286135e+00   1.4782956e+00  -8.6156115e-01  -4.0423311e-02   3.9927229e-01  -1.6201319e-03   5.3209323e-01
  -5.4180530e+00  -2.0128642e+00   8.9458323e-01   2.6825803e+00  -6.6234654e-01   1.3911796e+00   1.8507046e+00  -5.1840292e-02  -2.3643270e-01  -2.6667320e-01  -1.1231648e-02   7.7359262e-01
  -5.1313293e+00  -1.3823153e+00   2.0775592e+00   2.7259618e+00  -1.3410247e+00   1.2571622e+00   2.0420638e+00   2.8422942e-01  -1.4610126e-01   1.5096893e-01   6.4719208e-01   1.0184873e+00
  -7.3217563e+00  -1.6679168e+00   1.6901264e+00   2.4742095e+00  -1.1526874e+00   3.6978998e-01   1.8428643e+00   6.4716530e-01   3.6136647e-01   2.9165603e-01   1.1073745e-01   8.7095888e-02
  -8.3896398e+00  -6.2695049e-01   2.7869032e+00   3.0568318e+00   4.9926697e-01   9.3341189e-01   1.5981693e+00  -3.1176222e-01  -1.5573064e-01  -2.6964182e-01  -1.5840972e-02   3.8417013e-01
  -1.0242208e+01   1.2935140e-01   2.8465838e+00   2.7022908e+00   5.4365511e-01   1.1037287e+00   1.7100820e+00  -1.4722275e-01   4.8867809e-01   2.5040014e-01   5.2433534e-01   1.0040330e-01
  -1.1398999e+01  -4.2536765e-01   1.6273839e+00   1.7578414e+00   8.0361336e-02   2.6231345e-01   1.1362206e+00  -3.9073279e-01   6.7777116e-01  -2.3263155e-02  -1.4189382e-01  -3.5744109e-01
  -6.3682036e+00  -1.9085690e-01  -5.0450681e-01   3.8858698e-01  -1.3977511e+00  -1.5264198e+00   8.6920904e-01   9.0999927e-01   1.3551145e+00   2.1456731e-02  -3.2735924e-01   6.3972331e-01
  -2.5557889e+00   2.4373307e+00   5.5522727e-01  -1.9494369e-02  -1.8234794e+00  -1.5956230e+00   1.8608943e-01   4.6972836e-01   1.2471207e+00  -2.6141151e-01  -4.9423839e-01  -4.2003585e-04
  -1.0073572e+00   1.6242634e+00  -1.4686876e-01   2.1903139e-01  -1.9364222e+00  -9.6869140e-01   1.0499186e+00   3.8863092e-01   9.7111943e-01  -2.2972088e-01  -6.5954145e-01   4.2664751e-01
  -1.8549485e+00   1.3424195e+00   9.3636384e-01   3.6933777e-01  -1.4712484e+00  -6.1742687e-01   1.0475446e+00   4.1995261e-01   7.0263562e-01  -8.6701695e-01  -6.1672060e-01   6.9448621e-01
  -4.1707449e+00   1.7019035e+00   2.1566732e+00   4.8433375e-01  -2.7607277e-01   1.9657719e-01   1.3249584e+00   2.5858637e-01   4.4427814e-01  -8.3663989e-01  -6.3555307e-01   1.5907478e-01
  -4.8159124e+00   2.3046920e+00   1.6972536e+00   7.5251468e-01  -4.1354062e-02  -3.2853210e-01   9.2252405e-01  -3.0382968e-02   2.4489417e-01  -1.0301731e+00  -4.2694372e-01   4.9463770e-01
  -4.7528476e+00   2.4153481e+00   1.3574796e+00   4.0380011e-01  -5.1662763e-01  -6.2141156e-01   6.4182905e-01  -3.8769433e-02   1.1806287e-02  -3.6727126e-01   2.1616822e-02   3.0467742e-01
  -1.4062661e+00  -4.3138390e-01   6.3707258e-01   9.7371827e-01  -5.5584327e-01  -1.4065671e+00   1.7870557e+00  -6.2420238e-01  -1.3170698e-01  -1.2686504e+00  -9.9611474e-01   1.1593337e+00
  -1.8275339e-01   1.8626542e-01  -8.0944756e-01  -2.4811339e-01  -1.3387605e+00  -8.9022946e-01   4.6376152e-01  -2.9923688e-01   3.3903207e-01  -9.5181759e-01  -1.2832217e+00   9.5320060e-01
   5.9682118e-01   7.0937040e-01  -1.6512475e-01  -5.7241077e-01  -8.6105407e-01  -1.6952970e+00   3.0167362e-01  -1.0693645e-01   5.2784025e-01  -8.7416464e-01  -1.1230641e+00   6.6070927e-01
  -2.4776757e-01   1.8294322e+00   9.8914562e-01   2.0953091e-01  -2.7240480e-01  -3.7135489e-01   1.8987267e-01  -9.3198675e-02   1.7448733e-01  -9.1672304e-01  -9.4333092e-01   2.7530274e-01
   6.2764666e-02   2.0819215e+00   7.9146177e-01   2.9302330e-02   2.8034463e-02  -4.6593220e-02   3.0858586e-01   1.5410566e-01   7.2343275e-01   5.4918486e-02  -7.2526563e-01  -3.0033560e-01
   5.5119872e-01   1.5340260e+00   8.5181292e-01   5.7658886e-01  -2.8731459e-01   3.7726689e-02   7.5691900e-02   1.1451010e-01   6.8182368e-01  -1.5820667e-01  -9.6306604e-01  -5.7140833e-01
   1.2585925e+00   1.2840173e+00   2.9723538e-01   1.0865490e+00  -8.1983490e-01  -8.1235330e-01  -5.2417917e-01  -1.2866761e-01   2.2131824e-01  -1.8290335e-01  -4.0453215e-01  -6.2733841e-02
   2.5588546e+00  -2.7690196e-01  -4.9839716e-01   8.0504873e-01  -1.5146935e+00  -1.5975853e+00   3.8412806e-01   1.1681862e+00   8.2409821e-01  -2.1939326e-01  -1.2030644e-02   3.8194121e-01
   1.9998315e+00  -1.1941768e+00   3.3229667e-01   7.4264595e-01  -1.0734635e+00  -1.7128937e+00   1.0554188e+00   6.5839043e-01   6.7268906e-01  -7.4312076e-01  -6.8453664e-01   7.9723383e-01
   6.1992580e-01  -1.9271375e+00   7.7427724e-01   1.0858581e+00  -1.2241137e+00  -1.1194918e+00   1.2381566e+00   4.2243330e-01   1.2164498e-01  -7.6614922e-01  -6.9636079e-01   1.0472440e+00
   6.4607476e-01   2.0377416e-01   8.7866003e-01   1.7885619e+00  -1.1107858e+00  -9.6449527e-01   9.8840369e-01  -2.2343230e-03   6.0135353e-01  -2.5284212e-01  -5.2752329e-01   6.4561977e-01
   5.4747827e-01  -8.9289283e-01   2.1004494e-01   1.2379434e+00  -1.7347872e+00  -2.5154215e-01   1.1891478e+00   6.7025641e-01   1.1191345e+00  -1.2039604e-01  -4.9714305e-01   1.3594201e-01
   5.2388463e-02  -7.8112749e-01   4.3781069e-01   1.8562025e+00  -1.5350803e+00  -2.9640491e-01   1.1374080e+00   6.2936157e-01   8.2275862e-01  -6.2075727e-01  -8.0954090e-01   2.2310969e-01
  -1.7976142e+00  -1.1807131e+00   1.2784220e+00   1.5157752e+00  -1.0630609e+00   5.2243600e-01   7.8303670e-01  -3.1237531e-01   2.1494781e-01   5.4199452e-01   1.3020986e-01   3.1682818e-01
  -1.1428121e+00  -6.9056730e-01   2.5535506e+00  -4.1595972e-02   2.9913401e-01  -1.2994424e-02   3.2832011e-01  -1.9216427e+00  -3.1196606e-01  -3.9507758e-01   1.0565303e-01   2.8730583e-01
  -6.7100688e-01  -2.2449780e+00   1.3446140e+00   2.0800813e+00   1.8632436e+00  -8.1249866e-01   1.7471586e-01  -1.7579464e+00  -3.2084528e-02  -3.0004239e-02  -1.9576103e-01   7.4455267e-01
  -8.2343283e-01  -2.5606479e+00   1.3852264e+00   1.8312445e+00   2.3681877e+00  -7.5451376e-01  -2.0721981e-01  -1.4039854e+00  -3.4495959e-01   1.6561868e-01   3.6567314e-01   2.9647770e-01
  -2.7587438e-01  -3.2841239e+00   1.7307384e+00   1.8939518e+00   2.5422734e+00  -8.6300015e-01  -1.1388936e+00  -1.2686994e+00  -5.0212241e-01   2.9843394e-01   5.0164979e-01  -6.3243423e-02
  -6.6680984e-01  -2.7790152e+00   1.2130160e+00   1.7772061e+00   2.6914243e+00  -1.1037626e+00  -3.9491514e-01  -1.4253306e+00  -5.9701041e-02   2.1868371e-01  -1.9587939e-02   3.4309751e-01
  -1.1003105e+00  -2.3332327e+00   1.0482753e+00   1.5057423e+00   2.4603688e+00  -8.2976397e-01  -8.6471867e-01  -1.3358815e+00  -6.4760699e-01   7.9785084e-02   4.5904011e-02   6.8895258e-02
  -3.8460491e-01  -2.3609975e+00   9.5261992e-01   1.3445883e+00   2.6454694e+00  -8.2623993e-01  -9.0899348e-01  -1.0265457e+00  -6.4130048e-01  -1.3942583e-01   1.1724196e-01  -9.0656684e-02
  -9.9205143e-01  -1.4155231e+00   4.8688202e-01   1.7086779e+00   2.1960190e+00  -5.5801971e-01  -8.0249283e-01  -1.1061468e+00  -5.5576278e-01   3.4220458e-01   7.5314237e-03   3.2298883e-01
  -5.5432794e-01  -1.8462172e+00   2.8754072e-01   1.6981774e+00   2.4020344e+00  -7.4977909e-01  -7.8071972e-01  -1.6173338e+00  -8.6172105e-01   8.4380402e-02  -4.6196682e-02   1.9536880e-01
  -4.8387121e-02  -1.3477736e+00  -5.2812700e-02   1.3358773e+00   1.8756357e+00  -2.8597439e-01  -5.7142428e-01  -1.6423855e+00  -3.7106373e-01  -8.7243453e-02   1.1146506e-01   3.2772026e-01
  -1.2236213e+00  -6.2736538e-01  -7.0657041e-01   1.2343399e+00   2.2865764e+00  -6.1559426e-01  -3.5061664e-01  -1.5869697e+00  -6.6832527e-01  -1.0355787e-01   2.7457982e-01   5.3675341e-01
   5.4085230e-01  -1.2598112e+00  -5.3257539e-01   1.2691994e+00   2.0501191e+00  -7.5826033e-01  -5.1147065e-01  -1.2588350e+00  -1.0189728e+00   6.8669506e-02   1.5194405e-01   4.2508499e-01
  -6.8131024e-01  -7.3635261e-01   7.9205229e-02   1.0001052e+00   2.0265919e+00  -2.8333789e-01   7.5325337e-02  -1.0809669e+00  -6.6210784e-01  -7.6893510e-02   8.6408414e-01   7.4885016e-01
  -5.5994601e-01  -1.4088556e-04   4.7339304e-01   1.4524895e+00   2.1192740e+00   3.5507919e-04  -2.2822272e-01  -1.5711705e+00  -4.9915936e-01   4.5947374e-01   2.9962221e-01   8.3204397e-01
  -3.4975715e+00  -8.4541535e-01   8.6744552e-01   1.1273000e+00   1.5303595e+00   7.7766294e-01  -4.1711889e-01  -8.9736048e-01  -7.4502703e-01   6.6739943e-01   6.3736280e-01   5.0621729e-01
  -7.2420372e+00  -1.6894500e+00   3.2662783e-01   2.7924310e-01   1.3818924e+00   3.2706602e-02  -7.7459651e-01  -9.9772376e-01  -6.2179457e-01   2.3205115e-01   2.3832558e-01   3.3480524e-01
  -7.4425707e+00  -1.1746843e+00   6.2169948e-01   5.9311698e-01   1.3236717e+00   3.4517574e-01  -4.1116362e-01  -6.9850188e-01   1.2424798e-02   6.1924487e-01   4.7380414e-01  -6.8903268e-02
  -8.4588908e+00  -1.1580754e+00   4.2430744e-01   7.5093922e-01   1.5373177e+00   2.0591399e-01  -3.0122717e-01  -7.0481470e-01   2.1052789e-01   7.8022224e-01   1.1141180e+00   6.5505559e-01
  -8.2077379e+00  -1.5834454e+00   3.7627457e-01   7.5289027e-01   1.5643840e+00   4.3147272e-01  -3.2836092e-01  -1.7073997e+00  -3.7059083e-01   5.5882727e-01   9.8595958e-01   1.3315476e+00
  -8.8705861e+00  -1.9912882e+00   2.1775774e-01   6.6722772e-01   7.3390777e-01   1.6592298e-01   1.2244147e-01  -8.0999505e-01   1.0863550e-01   6.2744012e-01   1.0794851e+00   6.0639293e-01
  -9.2763483e+00  -2.3163494e+00  -5.2189915e-01   4.2972391e-02   8.0186836e-01   4.1163212e-01   2.4551888e-02  -6.3703157e-01  -1.9361002e-01   2.0353955e-01   6.4819623e-01   1.0444172e+00
  -8.9865875e+00  -2.0846130e+00  -4.4121874e-01   2.8785568e-01   3.8992557e-01   2.4133416e-01   2.7163801e-01  -7.6637891e-01  -1.3661482e-01   2.2839360e-01   1.0235790e+00   9.4862187e-01
  -9.4337317e+00  -1.2935012e+00  -3.9539117e-01   4.1096305e-01   5.8131842e-02  -6.3543744e-03   2.5697996e-02  -1.2210797e+00   2.1342698e-01   7.3540298e-01   1.0235423e+00   8.6068566e-01
  -9.9538361e+00  -9.7839956e-01  -6.4325142e-02   1.1623463e+00   9.4087764e-01   5.9986209e-01   8.5711961e-01  -6.5822207e-01   3.8524593e-01  -9.4828510e-02   7.8715270e-01   2.2559412e-01
  -1.0062940e+01   2.7403072e-01   1.0227999e+00   1.2066824e+00   6.5859835e-01   6.0741317e-01   8.9472558e-01  -2.7916754e-01   6.8441069e-01   4.9153929e-01   5.2457767e-01   5.8928155e-01
  -1.1039819e+01  -3.2376813e-01   1.0942246e+00   1.7057891e+00   1.3056528e+00   5.5310363e-01   4.8092136e-01  -8.2110000e-01  -1.3425831e-01  -1.0328398e-01   4.1959496e-01   5.1781767e-01
  -1.2337154e+01   1.5555592e-01   3.0312019e+00   7.9989071e-01   1.8844787e+00   8.4382550e-01   4.8856407e-01  -3.1521625e-01  -2.3272914e-01   6.2612252e-01   7.6183449e-01  -2.4331962e-01
  -1.1846973e+01   5.0543537e-01   1.8839917e+00   1.8721566e+00   1.4329690e+00   1.4208821e+00   1.2593283e+00  -9.2695002e-01   2.4457856e-01   6.1715704e-01   5.6142624e-01   2.7913889e-01
  -1.1325310e+01   6.3052583e-01   2.3162388e+00   2.0943399e+00   4.5320627e-01   5.5881100e-01   1.8757380e+00  -3.1058536e-01   5.5145788e-02   6.1398920e-01   5.1218012e-01  -8.7225888e-02
  -1.1353780e+01  -2.5620033e-01   2.5458786e+00   2.2280040e+00   2.2751137e-01  -1.9802171e-01   8.4208897e-01  -9.4527492e-01  -4.8343104e-01  -6.1363991e-01   1.3666631e-01   1.6742881e-01
  -9.7788478e+00   3.6707003e-01   3.8779061e+00   3.6872621e+00   1.1403044e+00   6.8478881e-01   2.2700348e+00  -5.5317543e-02   3.3146286e-01   4.5694956e-01   7.1696543e-01  -1.7355149e-01
  -9.9858272e+00  -4.6920577e-01   3.1907954e+00   3.4188186e+00   1.3115159e+00   6.9514020e-01   1.7821577e+00   2.2893022e-01   3.0630713e-01  -6.0300174e-02   1.0527102e+00   8.0689489e-01
  -9.0598180e+00  -2.2311795e-01   2.8009182e+00   2.6726432e+00   4.8636238e-01   7.8855040e-01   1.0493084e+00  -6.0339019e-01  -4.1563440e-02  -2.8173410e-01   2.9805207e-01   3.0435470e-01
  -9.1829306e+00  -8.2014629e-01   2.2304419e+00   2.7692602e+00  -1.3760903e-01   9.8911262e-01   1.1983120e+00  -1.4405067e-01   2.3842867e-01  -5.9584752e-01   1.3172019e-01   1.2508015e-01
  -8.3349678e+00  -9.8387096e-01   1.5938537e+00   2.6965201e+00   4.7530881e-01   8.9710020e-01   4.6788523e-01  -8.5019247e-01  -1.6735320e-01  -7.9028888e-01  -5.7032286e-02   1.7383014e-01
  -7.5580430e+00  -7.0667591e-01   1.4444414e+00   2.6611685e+00   8.6243528e-01   1.3472576e+00   7.2016882e-01  -1.8872922e-01   4.7617465e-01  -3.1137558e-01   2.9492912e-02  -3.8315806e-02
  -7.5461006e+00  -1.9562451e+00   1.1862042e-01   2.0901456e+00   8.6885887e-01   1.4617050e+00   1.0571709e+00  -1.8756302e-01   3.9487935e-01  -3.6642184e-01   8.6128775e-01   1.1258512e+00
  -6.7597911e+00  -2.6157879e+00   2.4627245e-01   2.2348944e+00   1.1009487e+00   1.5731594e+00   1.5802930e+00  -3.7324685e-02  -2.1996110e-02  -2.3743922e-01   1.7557785e-01   5.5620219e-01
  -5.5490147e+00  -2.0422723e+00   6.8188322e-02   2.3823578e+00   5.7407746e-01   1.3448318e+00   5.9972943e-01   1.3371378e-01   7.0163150e-01   8.0428335e-02   4.5345288e-01   1.2821266e+00
  -5.9400663e+00  -3.7344970e-02   1.2161433e+00   1.8073418e+00  -2.3822788e-01   9.6921310e-01   9.8252123e-01   3.1735534e-01   7.1438573e-01   1.8383325e-01   4.0666051e-01   6.6739611e-01
  -5.8343301e+00  -4.9298709e-02   1.5667361e+00   2.1603557e+00   7.4712630e-01   1.7258819e+00   1.5460039e+00   1.9134903e-01  -3.9221109e-01  -1.4032594e+00  -2.0828563e-01   1.1331309e+00
  -9.7921235e+00   1.0695062e+00   2.7183253e+00   1.2015415e+00   1.6583421e+00   1.0525223e+00   5.9377327e-01  -2.3180104e-01   2.2513414e-01   6.6219621e-01   1.5652751e-01  -2.4039427e-01
  -8.9812493e+00   9.3532015e-01   2.1615251e+00   1.5462377e+00   1.0415467e+00   1.6380478e+00   1.5430379e+00  -3.9299456e-01   7.0199540e-01   3.9521522e-01   2.3324146e-01   2.8380886e-01
  -7.6513531e+00   6.0761779e-01   1.3409021e+00   1.3685281e+00   6.7736453e-01   2.3501096e+00   1.6803793e+00   4.1334099e-01   1.4461072e+00   8.8261385e-01   4.7515070e-01   3.5598981e-01
  -7.0279214e+00   1.5217493e+00   2.1496146e+00   1.4818727e+00   1.9210473e-01   1.8875914e+00   8.9570448e-01  -8.3286623e-01   5.4281522e-01  -4.5605317e-01  -7.4948695e-01   2.1487750e-01
  -7.4511397e+00   3.3657105e-02   2.2998221e+00   2.3824369e+00   3.2614505e-01   1.9132537e+00   6.4608195e-01  -1.5363101e-01   1.0946765e+00   6.4169452e-01  -1.6273091e-01   3.6775414e-01
  -7.1293598e+00   9.7613287e-01   2.4526767e+00   2.2578869e+00   4.7482043e-01   2.0576301e+00   9.0077083e-01  -3.4083899e-01   1.0293378e+00   1.2825041e-01  -1.8276061e-01   8.8657650e-01
  -7.8399121e+00   5.3485205e-01   2.0376005e+00   2.0426731e+00   7.3840804e-01   1.5606337e+00   4.9801094e-01  -5.9206404e-01   7.4874678e-01   7.0163218e-01   3.1269046e-01   7.8494761e-01
  -7.9105708e+00   1.4577663e-01   2.1714515e+00   1.9102125e+00  -2.2852601e-01   1.7022720e+00   7.5800262e-01  -2.0627178e-01   1.0619705e+00  -8.8064317e-02  -2.4386095e-01   1.6659636e-01
  -7.8709866e+00  -6.1007012e-01   1.2961682e+00   1.8656237e+00   9.3297078e-01   1.6407320e+00   4.5460360e-01   2.9685464e-01   1.0889464e+00   4.9792604e-01   2.1232858e-01   1.5015548e-01
  -8.5632285e+00  -1.2847928e+00   6.2752539e-01   1.8992360e+00   8.6298447e-01   1.6547557e+00   1.0627557e-01  -9.0589329e-01  -3.7847101e-02  -3.5692162e-01  -4.7177515e-01  -7.2402101e-03
  -7.6187816e+00  -4.0369039e-01   1.1001115e+00   1.2387970e+00   7.3539127e-01   1.3484284e+00   3.9394597e-01   2.5431357e-02   5.0788675e-01  -4.2943176e-01  -4.7942234e-01  -2.6223109e-01
  -8.9038098e+00  -4.8355643e-01   1.5510191e+00   1.7759740e+00   1.6511602e+00   1.1637718e+00   9.6207873e-01   3.9031672e-02   1.1887664e-01   5.4489345e-02  -1.3713858e-01   3.3543317e-01
  -8.7666015e+00  -5.5758684e-01   1.3894343e+00   1.7507242e+00   1.3368250e+00   7.2825622e-01   1.0109410e+00   3.8552513e-01   8.2858600e-01   6.7214638e-01   4.1141498e-01   4.6299936e-01
