  -7.8801045e+00  -1.9703557e-01   3.4138801e+00   2.7943894e+00   6.5514941e-01   1.0559920e+00   1.3545128e+00   1.0995065e-01  -2.5201856e-01   2.8968630e-02   8.0906428e-01   3.1001527e-01
  -6.8730194e+00   2.1226911e-01   2.8969618e+00   2.2354529e+00   1.2114232e-01   1.7625986e+00   1.7677882e+00  -8.1493560e-02  -1.0242641e-01  -1.9403544e-01   2.7627718e-01   5.9510677e-01
  -6.7820028e+00  -6.0985957e-01   2.0513545e+00   1.8963381e+00   1.3192146e+00   2.2984676e+00   2.1909549e+00   6.2365112e-01  -5.9236535e-01  -8.2270505e-01   1.0233582e-01   1.6103283e-01
  -6.6842570e+00  -1.1528166e-01   1.8829877e+00   1.7310230e+00   4.5291738e-01   1.7493636e+00   1.1122430e+00   5.0699242e-01   3.4216061e-02  -5.2749214e-02   5.3327592e-01   5.9126389e-01
  -9.9437775e+00   7.3972801e-02   2.4128362e+00   1.7961888e+00   1.1438116e+00   1.4927249e+00   1.3361683e+00   8.3921735e-03  -6.0501456e-01  -4.6824761e-01   3.2742633e-01   3.1932105e-01
  -1.1803360e+01  -2.9345997e-01   1.3478277e+00   1.4786126e+00   1.0568297e+00   1.2099898e+00   1.3082015e+00  -1.8710604e-01   3.5520874e-01   7.8499177e-01   8.6735737e-01   8.9658397e-01
  -1.2951966e+01  -8.4446892e-01   1.3461239e+00   1.5103906e+00   8.6829102e-01  -9.9990290e-02   2.1169786e-01  -5.5818488e-01   1.7782324e-01   2.2602238e-01   3.6166521e-01   6.1784871e-01
  -1.2418404e+01  -9.1271300e-02   1.4822776e+00   2.0512233e+00   2.1171926e+00   6.4288566e-01   1.0483400e+00   2.8847337e-02   5.8157766e-01   1.8206157e-01   5.7350425e-02   2.2677861e-01
  -1.3427266e+01  -9.4347542e-02   1.5234842e+00   2.4209200e+00   1.9856149e+00   8.5623996e-01   1.3149468e+00   4.2595688e-01   2.4627944e-01  -2.3649346e-01  -5.9218986e-01  -3.0468199e-02
  -1.2457866e+01   3.0343904e-01   1.3718351e+00   2.4698480e+00   2.3660069e+00   5.4859496e-01   8.3877617e-01   4.1236439e-01   6.6268622e-01  -4.8261802e-03  -2.5219669e-01   3.6686319e-02
  -1.2419427e+01  -1.8426809e-01   8.3963775e-01   1.5080874e+00   1.4283070e+00   1.6486721e-01   1.6854409e-01  -8.7630244e-02   4.3797548e-01   1.6656232e-01   1.1663945e-01   1.1453006e-01
  -1.2272575e+01  -4.7921567e-01   7.3229519e-01   1.0480998e+00   1.1846425e+00   4.4100472e-01   1.6088172e+00   9.6731224e-01   6.3063107e-01   2.1637002e-01   3.8487422e-01   5.2099954e-01
  -1.2159778e+01  -4.5989124e-01   4.1292756e-01   1.7056935e+00   1.6694450e+00   7.8807695e-01   1.1795203e+00   1.5023259e-01   7.8330603e-01   2.3173771e-01   1.5058998e-01   4.0263798e-01
  -1.1822078e+01   7.4237349e-01   6.9414644e-01   1.8126585e+00   1.7313395e+00   8.6434249e-01   1.3845672e+00   4.6498555e-01   5.8707454e-01   3.1270530e-01   1.7013858e-01   1.4347302e-01
  -1.1798590e+01  -6.4869998e-02   7.5078290e-01   1.8967879e+00   2.0572297e+00   1.0547908e+00   1.6488825e+00   3.6606122e-01   2.5035771e-01  -8.0428319e-02  -9.1265655e-02   3.5358691e-01
  -1.0328988e+01   8.2482518e-01   1.2268765e+00   1.9233410e+00   2.2617877e+00   1.3247377e+00   1.7690477e+00   3.4723417e-01   3.2224801e-01  -9.5359977e-02   2.5834056e-01   7.7514791e-01
  -1.0308161e+01   4.5381232e-01   1.3257947e+00   1.2410099e+00   1.4460474e+00   6.7285284e-01   1.9179873e+00  -3.5889631e-02  -5.7273784e-02  -9.3676487e-02  -2.7921470e-01  -2.4463886e-01
  -9.5737910e+00   7.8532774e-02   1.2483846e+00   1.4665261e+00   1.4216322e+00   8.6103085e-01   1.5581090e+00  -2.2989511e-01   1.8409577e-02   2.6658803e-01   2.7503178e-01   6.2024079e-01
  -9.7640261e+00   1.6119448e-01   2.0400646e+00   1.6534104e+00   1.6118850e+00   6.2251014e-01   1.2840904e+00  -8.4391517e-01  -4.9567038e-01  -1.4206260e-01  -3.3731207e-02   2.0791292e-02
  -9.3488803e+00   1.2551418e-01   1.8709908e+00   1.3256343e+00   1.6884395e+00   4.9299395e-01   5.0996570e-01  -8.1259262e-01  -5.9408473e-01  -5.7517963e-02  -1.2113586e-01  -6.9170127e-02
  -8.8117836e+00   6.0306284e-01   2.4133680e+00   1.2233931e+00   1.5379394e+00   6.4526159e-01   7.9007362e-01  -2.6312092e-01   1.5047531e-01   3.4961590e-01  -6.3701368e-02   5.4058654e-01
  -8.4492850e+00   7.4673892e-01   2.3496458e+00   1.6126822e+00   1.6899925e+00   1.2448280e+00   1.5582937e+00  -1.8864318e-01   5.5903212e-01   9.0452550e-01   5.1046289e-01   4.3643235e-01
  -8.5566567e+00   1.4295954e+00   2.6943094e+00   1.7793319e+00   1.7676019e+00   7.1840576e-01   1.4318577e+00   5.9130566e-02   2.0208234e-01  -3.9305480e-01   1.0412806e-01   9.2484860e-01
  -7.5573987e+00   1.0013393e+00   2.3678494e+00   2.0512678e+00   2.0015755e+00   6.5633100e-01   8.6658877e-01  -2.7375048e-01   1.5588136e-01  -1.1507502e-01  -2.0783165e-01  -7.3238807e-02
  -7.6914003e+00   6.5564463e-01   1.9514125e+00   2.0021557e+00   1.5021606e+00   1.4364677e+00   1.5535576e+00   1.6872465e-01   4.0544014e-01   1.5357838e-01   1.2611938e-01   4.0242042e-01
  -6.4505786e+00   4.7514824e-01   1.4195910e+00   2.2096088e+00   1.5783556e+00   1.9016319e+00   1.4109502e+00   2.9628790e-01   3.0251187e-01  -6.6557569e-02  -5.8318772e-02   8.2678784e-01
  -3.6975780e+00   1.5738321e+00   7.5905993e-01   1.1589514e+00  -1.4616946e+00   3.1839119e-01   1.1516990e+00   8.8707197e-01   6.2232177e-01  -2.6296076e-01   2.8326155e-03   4.3916160e-01
  -4.8870534e+00  -1.0029999e-01   5.4874154e-01   6.2823281e-01  -7.6371767e-01  -1.6203351e-03   1.1540675e+00   1.5061788e+00   7.4126456e-01  -1.6519163e-01   6.5419542e-02   3.9057167e-01
  -5.0263312e+00   3.4955844e-01   7.1468012e-01   3.1403617e-01  -1.1901910e+00  -2.7098140e-01   1.4046017e+00   1.7552317e+00   7.4794191e-01  -1.2187945e-01   1.3286366e-02   1.2929969e-01
   1.8855122e+00  -5.6680243e-01  -6.3546116e-01   1.5920729e-01  -1.7200508e+00  -1.9227123e+00   8.1109374e-01   1.2960696e+00   9.9016472e-01  -4.2441390e-01  -5.5225095e-01   8.1024669e-01
   1.4616020e+00  -4.1332448e-01  -8.4818399e-01   2.7590176e-02  -5.4470159e-01  -1.8381252e+00   8.5658996e-01   1.4469385e+00   3.6346011e-01  -4.0252308e-01  -6.8207718e-01   9.3534056e-01
  -5.4496352e-01   1.0285542e+00  -1.4264929e+00   1.1816538e+00  -1.4863473e+00  -7.3743845e-01   3.9762356e-01   7.9066134e-01   1.5042369e-01  -4.9412688e-01  -3.9446848e-01   7.4045866e-01
  -8.3400716e-01   2.1266646e+00   4.5528196e-01   5.4161056e-01  -3.2864176e-01  -2.5079554e-01   8.1808445e-01   2.7196010e-01  -5.0394630e-02  -4.8553876e-01  -1.9786109e-01   5.4411590e-01
  -1.3707548e+00   2.4765582e+00   8.5942170e-01   4.7895365e-01  -1.2940176e+00  -3.6533790e-01   4.9576447e-01   4.4301524e-01   3.6536652e-01  -1.5049158e-01  -6.3197694e-01   8.8617373e-01
  -2.1187522e+00   1.2738618e+00   5.0801239e-01   5.0683453e-01  -8.7334211e-01  -1.3465067e-01   8.2757680e-01   4.3506743e-01   5.1830127e-01   2.5057871e-01   1.2488291e-01   3.3181652e-01
  -7.9467588e-02  -8.0688828e-01  -1.5308078e-01   1.4016338e+00  -1.5080006e+00  -1.2399567e+00   7.8688808e-01   1.2128470e-02   1.5964397e-01  -1.1481624e+00  -7.1599337e-01   8.6474323e-01
   2.5144895e-01  -1.0990409e+00  -1.2578253e+00   6.8681544e-01  -1.3083733e+00  -1.5550636e+00   5.6663320e-01   1.5076841e-01   6.2848601e-01  -1.0494892e+00  -9.2299873e-01   7.9413821e-01
   6.6357261e-01  -3.7674113e-01  -1.2091788e+00   3.9990755e-01  -9.2883590e-01  -2.1121817e+00   6.2894529e-01   4.5647589e-01   8.1906062e-01  -6.8408353e-01  -5.3927892e-01   3.9507791e-01
  -1.7437565e-01   9.1468774e-01  -1.2072987e+00   1.4600575e-01  -8.7106255e-01  -1.9454130e+00  -3.1421762e-02   5.4646960e-01   5.2430060e-01  -2.2149069e-01  -6.2427949e-01   4.1058500e-01
  -1.5716832e+00   1.4617514e+00  -7.9411657e-01  -1.3629105e-02   6.2435104e-02  -9.4188964e-01   3.1114228e-01   4.8880551e-01   7.0472915e-01  -4.8991748e-02  -5.1268638e-01  -2.0008789e-01
  -2.0892342e+00   1.1728764e+00  -6.3529177e-03   7.7070904e-01   4.4810489e-01  -7.5679478e-01   6.6384209e-01   2.7784079e-01   6.5635623e-01  -3.3053931e-01  -8.2170996e-01  -5.2742568e-01
  -2.0472933e+00   1.7188863e+00  -4.4318041e-02   6.6519895e-01   4.2193572e-01  -7.9330154e-01   2.9149537e-01   3.7832936e-01   6.6615659e-01  -3.5284787e-01  -6.9421628e-01  -5.1090548e-01
  -1.5289447e+00   1.3823395e+00  -3.4841969e-01   4.3525500e-01  -6.6036575e-01  -1.6391753e+00  -1.6061446e-01   6.2411552e-01   6.1149551e-01  -1.9891593e-01   4.6127425e-02   1.9440809e-01
  -1.1323000e+00   1.0431111e+00  -1.0494762e+00   4.7709191e-01  -7.7139579e-01  -1.8857202e+00   4.2662653e-01   1.3749111e+00   9.5310568e-01  -6.0083196e-01  -2.3780299e-01   1.8779852e-01
  -1.0057600e+00   3.0139980e-01  -1.0503674e+00   6.0207955e-01  -6.7097344e-01  -1.8338764e+00   9.7664689e-01   1.1945712e+00   4.7298770e-01  -7.1191973e-01  -5.7931967e-01   4.2355322e-01
  -1.7046631e+00  -6.2212127e-02  -5.1135006e-01   8.5530563e-01  -1.2554085e+00  -1.0564471e+00   1.2027984e+00   1.2853982e-01   2.7655625e-01  -7.3996448e-01  -2.6472713e-01   8.4081809e-01
  -4.4647411e+00   1.1228571e+00  -3.3656444e-02   3.5674816e-01   2.1029443e-01  -8.9214871e-01   9.1442053e-01   1.3086809e+00   1.3974341e+00  -1.8175969e-01  -3.8986912e-01   4.0453412e-01
  -4.2656643e+00   2.3839950e+00   1.5134163e-01  -2.2907595e-02  -2.4701430e-01  -8.0973249e-01   1.2531002e+00   5.3919802e-01   6.8729337e-01  -5.0017226e-03  -2.0489033e-01   6.7108011e-02
  -5.2319679e+00   2.1430306e+00   1.4785075e-01   9.8496118e-02  -2.1992442e-01  -7.0359575e-01   1.3036866e+00   6.7996911e-01   1.0964132e+00   2.5859873e-01  -3.1605071e-01   3.7979746e-01
  -5.2962746e+00  -9.5469512e-01  -4.2729083e-01   9.4795417e-01  -4.5889814e-01   3.2482611e-01   1.4309342e+00  -8.7115137e-01   3.2160790e-01   6.4374641e-01   2.0266107e-01  -1.5703073e-01
  -1.9359363e+00  -7.5341966e-01  -1.5323273e-01   2.2574324e+00   1.4105606e+00  -3.9974157e-01   2.8539068e-01  -1.7064942e+00  -2.6213184e-01  -4.4910996e-01  -6.2777236e-02   4.8827217e-01
  -1.3447969e+00  -1.5182819e+00  -3.6586231e-01   2.9355870e+00   1.7874725e+00  -5.3859812e-01  -3.2551978e-01  -1.3303018e+00  -6.6609586e-01  -1.3451948e-01   4.0804155e-01   3.3534987e-01
  -6.0922361e-01  -2.1852906e+00  -2.0265250e-01   2.8755622e+00   2.1877359e+00  -1.0588018e+00  -6.3038206e-01  -9.8212666e-01  -2.7270025e-01  -2.7825875e-01   1.0293927e+00  -3.7642508e-01
  -9.6577224e-01  -2.0523920e+00  -9.4622409e-02   3.0922384e+00   2.3854946e+00  -1.0655784e+00  -1.7788094e-01  -8.6546114e-01  -2.8755177e-01  -3.0501979e-02   7.1258916e-01  -4.6137883e-01
  -9.2480723e-01  -2.1674286e+00  -3.9830521e-01   3.3276096e+00   2.0787060e+00  -1.1461874e+00  -5.9645129e-01  -1.6156540e+00  -4.7700877e-01   8.2558555e-03   6.9559174e-01  -3.1043628e-01
  -4.2976951e-01  -2.4696733e+00  -6.3722373e-01   2.9205344e+00   2.2591804e+00  -1.3229327e+00  -5.7235255e-01  -1.3275295e+00  -5.0699037e-01   9.5216578e-02   6.5009570e-01  -2.4652319e-01
  -5.4276982e-01  -2.1434022e+00  -6.5216977e-01   2.7386539e+00   1.9908162e+00  -8.2375129e-01  -3.1466606e-01  -1.2812820e+00   1.4607033e-01  -8.1269337e-02   8.8516888e-01  -2.7213282e-01
  -6.2808757e-01  -1.7927914e+00  -1.1236328e+00   2.7118142e+00   2.3727049e+00  -1.0886476e+00  -2.4873883e-01  -1.7775006e+00  -1.3948103e-01  -2.6260957e-02   9.4595789e-01   2.1605887e-01
   2.6829879e-01  -9.6780200e-01  -1.4705192e+00   2.1653672e+00   2.5728509e+00  -8.6613512e-01  -8.8640708e-02  -1.3889304e+00  -5.2982530e-01  -1.9710834e-01   9.3073717e-01   9.3655700e-02
   8.2096708e-02   8.0547811e-01  -1.0197256e+00   1.7105721e+00   2.2359802e+00  -4.8197855e-01   1.3865141e-01  -1.0930578e+00  -5.8711835e-01   1.6232515e-01   7.1843455e-01  -4.4753776e-02
  -1.2874861e+00   5.1766377e-01  -2.9159203e-01   2.1237929e+00   2.5636466e+00   2.0705963e-01   6.8898792e-01  -1.1807870e+00  -4.9968533e-01   1.4261840e-01   7.6574563e-01   3.2774976e-01
  -4.0541272e+00  -4.5204558e-01   4.9133724e-01   1.8495381e+00   1.4506259e+00   6.4826495e-01   2.4648921e-01  -8.7818295e-01  -1.9925013e-01   3.3576222e-01   9.5426951e-01   6.0793305e-01
  -6.4928577e+00  -8.1263231e-01  -5.0201764e-01   1.2473491e+00   8.6470911e-01  -2.3210064e-02  -4.3883853e-01  -1.3707112e+00  -8.2802669e-01  -4.5346489e-01   5.3275483e-01   2.6339349e-01
  -6.7533604e+00  -2.9698782e-01  -2.2355630e-01   8.0917303e-01   1.6529459e-01   5.0797891e-01  -5.1246080e-02  -1.0187855e+00  -1.3863548e-01  -4.7982533e-02   3.4374542e-01   2.1181774e-01
  -7.6182078e+00  -2.0279338e-01  -5.9962214e-01   1.3449312e+00   1.2741134e+00   3.6171039e-01   8.7072314e-02  -5.5919491e-01  -1.9599898e-01   3.2858311e-01   1.3876747e+00   6.2650804e-01
  -8.0272789e+00  -6.3675672e-01  -4.8773957e-01   1.0338042e+00   8.3878525e-01   2.8727285e-01  -3.1321824e-01  -4.4071792e-01   1.0949527e-01   5.5405312e-02   1.0956861e+00  -4.4318732e-03
  -8.0418603e+00  -1.8147100e+00  -1.0261974e+00   8.1134955e-01   1.2164445e+00   3.8199620e-01  -1.3848969e-01  -5.1298137e-01   3.5861469e-01   7.0200181e-01   1.4010541e+00   4.9865403e-01
  -7.6800731e+00  -1.4964919e+00  -1.0260920e+00   6.9072783e-01   1.1223384e+00   6.8691010e-03  -4.3605984e-01  -1.4914209e-01   5.4457733e-01   5.1554243e-01   1.5949920e+00   9.6956846e-01
  -6.2270410e+00  -1.1789589e+00  -1.0133973e+00   2.5531734e-01   8.3595340e-01   1.4478188e-01   8.4070096e-01  -4.5114327e-01  -4.6451304e-01   3.2199825e-02   1.0499917e+00   6.0606636e-01
  -6.0125513e+00  -6.7877580e-01  -4.3814453e-01   8.8159859e-01   1.4740768e+00   5.1102080e-01   8.4094721e-01   9.2241513e-02   5.2762532e-01   6.9554986e-01   5.5306939e-01   5.3329220e-01
  -5.5239999e+00  -1.0391359e-01  -4.5325417e-04   5.2834241e-01   1.5425683e+00   1.0508385e+00   7.4517319e-01  -7.0276364e-02   3.5152600e-01   5.3369808e-01   3.8183338e-01   4.7281643e-01
  -9.1827615e+00  -9.7588540e-02   6.3140699e-01   5.4994348e-01   1.3742366e+00   5.1702397e-01   7.4337728e-01  -4.3189029e-01   1.9865213e-03   4.6696047e-01   4.1341358e-01  -3.0074212e-01
  -7.7000492e+00   4.6533620e-01   1.5094408e+00   1.7854366e+00   1.8226379e+00   9.6709487e-01   1.0882413e+00  -3.8805929e-01  -1.9096847e-01   7.2676323e-01   7.3376369e-01   5.3501248e-01
  -9.8208961e+00   4.2648714e-01   1.8651321e+00   1.4513994e+00   1.7325175e+00   6.8525001e-01   1.0371563e+00  -2.6329814e-01   1.2054504e-01   5.7659653e-01   8.7166513e-01   4.1650623e-01
  -1.1721200e+01  -3.8009104e-03   1.6136651e+00   8.0844807e-01   1.4927581e+00   1.2512054e+00   1.1804636e+00  -4.5609737e-01   2.8011130e-01   2.9466475e-01   4.3361302e-01   3.8297993e-01
  -1.2102343e+01  -3.8400506e-01   1.3012748e+00   1.5101691e+00   2.0674487e+00   1.1924125e+00   9.5125748e-01  -7.4885708e-01  -3.2604045e-01  -3.2368709e-01   2.2380714e-01   5.4888748e-01
  -1.1834191e+01  -9.8743279e-01   6.3472487e-01   1.7227544e+00   2.0159279e+00   1.2166185e+00   1.4630947e+00   2.0542524e-01   2.8528938e-01   3.9358466e-02   2.5216754e-01   6.1858159e-01
  -1.2628350e+01  -4.0075749e-01   1.1805469e+00   2.2013719e+00   1.7823976e+00   1.0382037e+00   1.1203602e+00   5.3359145e-02   5.5563795e-02  -5.2175584e-02  -3.0594285e-02   2.5249062e-01
  -1.3972499e+01  -7.8546817e-01   1.2324968e+00   1.8062487e+00   1.9282132e+00   1.1857072e+00   5.4644980e-01   5.3075774e-01   6.9984809e-01   7.1527035e-02   1.8725148e-01   5.5237511e-01
  -1.2810316e+01  -4.6056770e-01   1.5783883e+00   3.3684379e+00   2.5130916e+00   1.2800510e+00   1.9428875e+00   5.6233762e-01   1.7394218e-01  -6.4777182e-03  -2.2600549e-01   3.0763480e-01
  -1.3557682e+01  -7.9123003e-01   1.0637590e+00   2.3329704e+00   1.5162337e+00   2.8105685e-01   9.5243411e-01   1.3608546e-01  -4.9974694e-02  -1.6825890e-01   5.9593526e-02   4.0529880e-01
  -1.2706394e+01  -5.8784342e-03   1.6981693e+00   3.2235388e+00   2.6043243e+00   9.4367241e-01   7.6067931e-01  -4.1884460e-01  -1.5308191e-02   1.8588298e-01   1.5737507e-01   3.8532920e-01
  -1.2795308e+01  -4.5680879e-01   1.5706669e+00   2.9529443e+00   2.2077818e+00   2.6521577e-01   7.3958969e-01   4.9222886e-02   7.6229477e-01   5.6782730e-01   4.6669165e-01   4.5907049e-01
  -1.2783565e+01  -1.3181244e-01   1.2073175e+00   2.6314880e+00   2.1319827e+00   4.7396579e-01   1.2572339e+00   1.0133731e-01   4.0847417e-01   8.3352664e-01   3.7322104e-01   5.0495306e-01
  -1.1841382e+01   3.0713464e-01   7.0998063e-01   2.2678492e+00   2.2397926e+00   4.2348114e-01   1.1168342e+00  -2.2657087e-01   2.5002094e-01   9.6968547e-01   3.8347816e-01  -9.4331663e-03
  -1.1176528e+01  -3.0605027e-01   3.0201192e-01   8.0828069e-01   1.7698460e+00   5.6582478e-01   1.4797377e+00   1.5016925e-01   4.2892761e-02  -2.9204725e-01   7.1273590e-02   4.1459061e-01
  -1.0213781e+01  -4.8153831e-01   7.5767600e-01   1.5720829e+00   2.3443400e+00   1.0882656e+00   1.9562031e+00   1.5048767e-01  -1.5288431e-02  -2.7454412e-01   3.8693002e-01   1.9099823e-01
  -9.1257512e+00  -6.1521285e-01   1.1045952e+00   1.3817379e+00   1.6506340e+00   3.4289246e-01   1.1853496e+00   1.0914416e-01   6.7306458e-01   1.0167515e-01   2.5865413e-01   8.1357691e-01
  -9.4889698e+00  -1.1275258e+00   7.5539124e-01   1.1011083e+00   8.8744652e-01  -5.0146080e-01   7.0204360e-01  -1.8284726e-01  -8.3774033e-02  -4.0487915e-03   3.0767532e-01   8.8944750e-01
  -8.0512872e+00  -5.3543043e-01   7.5956191e-01   4.9400077e-01   7.3773278e-01  -3.2280944e-01   7.1814743e-01  -2.6417661e-01  -6.1821047e-02   4.2460542e-01   4.5838247e-01   8.6792855e-01
  -7.5705134e+00  -3.1096631e-01   1.6862064e+00   1.3369163e+00   1.1316568e+00   1.9210123e-01   1.5739183e+00   4.7763230e-01   3.0521950e-01   4.8866509e-01   3.5016761e-01   3.5329775e-01
  -7.7626617e+00  -4.4948408e-02   1.5664486e+00   1.0672680e+00   1.0240134e+00   7.2997544e-01   1.4215735e+00   5.2391937e-01   3.9237128e-01   3.9856136e-01   4.9747904e-01   1.1486167e+00
  -8.5385873e+00  -5.6238152e-01   1.1029009e+00   8.9261061e-01   8.7100810e-01   7.0781231e-01   1.0535060e+00  -4.8409330e-02   1.1179540e-02   3.3768484e-01   5.2960192e-01   6.0712002e-01
  -8.9038098e+00  -4.8355643e-01   1.5510191e+00   1.7759740e+00   1.6511602e+00   1.1637718e+00   9.6207873e-01   3.9031672e-02   1.1887664e-01   5.4489345e-02  -1.3713858e-01   3.3543317e-01
  -8.7666015e+00  -5.5758684e-01   1.3894343e+00   1.7507242e+00   1.3368250e+00   7.2825622e-01   1.0109410e+00   3.8552513e-01   8.2858600e-01   6.7214638e-01   4.1141498e-01   4.6299936e-01
