  -1.1879011e+01   1.8278143e+00   2.0918010e+00   1.0866497e+00   6.4238535e-01   1.6473675e+00   9.4427012e-01   1.0203790e+00   1.9721195e-01   4.3290694e-01   5.8313010e-01  -3.2285475e-01
  -9.8166316e+00   1.6660253e+00   1.4475849e+00   8.6229494e-01   6.8577960e-01   1.7924426e+00   2.1502003e+00   7.5081135e-01   1.5176181e-01   2.4159470e-01   6.4596371e-01  -8.8093386e-01
  -8.3708833e+00   1.4851619e+00   1.5283191e+00   1.3696494e+00   1.2051183e+00   2.3106252e+00   9.6055646e-01   4.3091031e-01   8.4958517e-02   4.8907254e-02   4.7902751e-01  -5.6248691e-01
  -6.8426173e+00   1.1202048e+00   1.7785687e+00   1.6562749e+00   3.7573191e-01   2.0584808e+00   8.4433213e-01   6.3045579e-01   5.9674130e-01   4.2015955e-01   1.5851774e-01  -5.7352250e-01
  -5.4474306e+00   5.9320473e-01   1.6090577e+00   1.7461489e+00   6.4452205e-01   1.7640117e+00   1.0793888e+00  -4.0293035e-01  -7.0073728e-03  -7.0781543e-01  -3.6834650e-02  -3.2639499e-01
  -5.2296661e+00   3.5638545e-01   2.0669914e-01   1.4867420e+00  -9.2654772e-02   2.2631197e+00   1.4792123e+00  -8.0229663e-01  -1.7583786e-01   1.2710675e-01   5.5148036e-02  -5.1555238e-02
  -4.7474404e+00   1.0668929e+00   7.1251555e-01   1.9099905e+00   4.1764728e-01   2.1136564e+00   8.5697296e-01  -9.9148461e-01   1.2643812e-01   3.5305127e-01   1.2031705e-01   5.2027805e-02
  -5.2060463e+00  -7.2429898e-01   1.0680468e+00   2.4614765e+00  -6.2065122e-02   9.0792079e-01   8.5824089e-01   1.4183488e-01   3.7654896e-01  -1.2951632e-01  -6.9723087e-01  -4.8248281e-01
  -3.5374944e+00  -7.5060322e-01  -1.3952624e+00   1.9137073e+00   1.1612995e+00   1.6809326e+00   5.0752966e-01  -1.8952339e-01   1.9512763e-01   2.0577596e-01   4.8890748e-01   8.3934075e-01
  -3.0340608e+00   2.4051425e-01  -4.7072785e-01   1.5620031e+00   1.1909625e-01   1.4101675e+00   6.5094556e-01  -2.9374668e-02   6.6673820e-01  -1.8137175e-01  -3.2988886e-01   2.9152766e-01
  -3.8144228e+00   9.5807822e-01  -2.5406735e-01   2.7608918e+00   1.2735702e+00   8.4654000e-01   3.4932787e-01  -1.1835721e-01   1.2407812e+00   9.9038680e-01   2.1237276e-01   7.2579213e-01
  -3.9701564e+00   1.2931956e+00  -6.8572161e-01   1.8768752e+00   1.2054014e+00   1.0699642e+00   4.4409618e-01   1.6854519e-01   1.0062462e+00   7.2358755e-01   2.4090622e-01   1.1652755e+00
  -4.1510351e+00   2.0655396e+00  -5.9067937e-01   2.2479729e+00   8.2044705e-01   6.3506493e-01   4.8100373e-01  -2.2597004e-03   2.4537959e-01   5.0342364e-01  -4.4543936e-01   4.6268932e-01
  -4.5618855e+00   2.5405205e+00  -2.1396811e-02   2.6920275e+00   1.4694606e+00   1.0053510e+00   4.9886563e-01  -3.7085437e-01   2.9024201e-01   5.2693181e-01  -2.5434394e-01   5.3909897e-01
  -5.5945321e+00   1.9184723e+00  -7.5727630e-01   2.1043290e+00   1.2404417e+00   9.2945502e-01   6.2155796e-01  -2.0325894e-02   1.4733081e-01   4.3677479e-01  -6.8223027e-03   3.8376182e-01
  -5.1983923e+00   2.4763344e+00  -7.4032256e-01   2.0841290e+00   1.5873738e+00   1.4810989e+00   7.4874943e-01   2.3748354e-01   1.1214408e-01   6.4586687e-01   3.8464847e-01   1.4566524e-01
  -5.0812645e+00   2.1255501e+00  -1.1491936e-01   1.5513750e+00   1.0335052e+00   1.5359576e+00   6.2995661e-01   8.7808753e-01   1.3770494e+00   7.0748496e-01  -3.3120712e-01  -1.1745236e-01
  -3.9225668e+00   1.9458878e+00  -8.4507826e-01   5.4654821e-01   1.6866624e-01   1.0499591e+00   1.1887948e+00   7.0520320e-01   9.3613651e-01   2.5981502e-01  -3.2975601e-01   2.5483998e-01
   1.7982406e+00   1.7329545e+00  -5.8523750e-01   9.5780944e-01  -1.3618370e+00  -1.3107014e+00   5.8752925e-01   1.6762555e+00   1.1159055e+00  -3.0002982e-01  -7.5957187e-01   6.5577995e-01
   1.7684756e+00   2.0501905e+00   4.5264069e-01   1.7714735e-01  -2.6651398e+00  -1.6246205e+00   6.1064831e-01   1.6474089e+00   7.3408043e-01  -1.0154382e+00  -8.6203770e-01   1.0147770e+00
   1.9159949e+00   5.9347439e-01  -1.1544237e+00   1.4883275e+00  -2.0280869e+00  -9.5973935e-01   1.5673403e-02   8.5754575e-01   5.8693184e-01  -4.9118317e-01  -1.4770731e+00   1.1055663e+00
   2.1537770e+00  -6.9884574e-01  -3.1562397e-01   1.0484924e+00  -1.7487272e+00  -5.9359623e-01   9.5855571e-01   3.5518372e-02   7.6436043e-01  -8.7118638e-01  -9.3837431e-01   1.0171164e+00
  -1.8784989e-01   1.0861245e+00   6.7864797e-01   3.4258636e-01  -1.2817781e+00  -5.5118739e-01   9.3685220e-01  -3.0252710e-01   8.8118237e-01  -9.5612959e-01  -3.2138003e-01   8.3258208e-01
   5.1215535e-01   1.3062699e+00   1.2022580e-01   1.0318469e+00  -7.7422545e-01  -5.9980052e-01   6.2199569e-01  -4.4745325e-02   6.0390393e-01  -5.9470074e-01  -6.4583041e-01   3.8547695e-01
  -1.1843340e-01   1.7809303e+00   7.5720997e-01   8.7812258e-01  -9.1128017e-01  -1.5029925e-01   8.2155662e-01   7.4859657e-01   1.3311971e+00  -5.2917217e-01  -9.5467634e-01   3.3926838e-01
  -1.4440855e+00   1.4704962e+00   1.4687530e+00  -1.6596026e-01  -9.1503695e-01   8.2588372e-01  -1.4154472e-01   2.9129857e-01   1.2105934e+00  -5.5870336e-01  -6.9011130e-01   5.5804170e-01
  -5.2885837e+00  -9.5648439e-01   4.9455868e-01  -1.0729182e+00  -5.5269141e-01   2.0599369e-01   5.4880924e-01  -1.2081483e+00   2.2170434e-01  -1.1763279e+00   1.1421246e-01   4.7300078e-01
   7.9037199e-02   1.2967146e+00  -8.9793965e-01  -2.6489813e-01  -6.4097318e-01  -1.2443700e+00   1.0634822e+00  -6.7568798e-01   4.5504458e-01  -1.3503402e+00  -8.6012505e-01   1.1033608e+00
   6.2784580e-01   1.0558917e+00  -6.9464926e-01  -1.7644622e-01  -8.0352512e-01  -2.2129399e+00   7.0668380e-01  -9.4993313e-02   6.2047192e-01  -7.8995540e-01  -1.4209326e+00   4.0058206e-01
   1.3158044e+00   1.8327152e+00  -5.5575418e-01   3.2958413e-01  -6.4169939e-01  -1.4017006e+00   4.3891079e-01   1.1060553e-01   7.4531624e-01  -8.5028888e-01  -1.0817131e+00   2.0301468e-01
   1.6559345e+00   1.3727413e+00  -1.8770231e-01   1.2249073e+00  -1.6340313e-01  -3.4183711e-01   2.3634780e-01   1.8776639e-01   7.8968160e-01  -7.0078500e-01  -6.4345385e-01   4.6601616e-01
   2.1451749e+00   6.7253684e-01  -6.9200303e-01   1.6674865e+00  -5.6208355e-01  -6.0129260e-01   4.3214824e-01   7.2298875e-01   1.0385187e+00  -4.6859156e-01  -8.4033782e-01  -9.5881172e-02
   2.9799961e+00   5.0303328e-01  -5.3700555e-01   1.6736014e+00  -9.1827710e-01  -8.7043046e-01   1.1781757e-01   5.0114630e-01   9.4038697e-01  -4.4316132e-01  -7.2567422e-01   2.4914874e-01
   3.0333285e+00  -3.0385065e-01  -1.4189172e+00   1.1842997e+00  -1.4016705e+00  -1.7665703e+00   4.1587266e-01   9.8600691e-01   1.2586365e+00  -5.9347299e-01  -1.0795260e+00   1.2223131e+00
   2.1494508e+00  -1.3255122e+00  -1.2854139e+00   1.2540824e+00  -1.1685904e+00  -1.7133903e+00   1.4234683e+00   1.1901708e+00   4.2605574e-01  -3.6776629e-01  -1.2973925e+00   4.9091172e-01
   1.0220991e+00  -3.9062831e-01  -3.2272259e-01   1.5739820e+00  -1.3048331e+00  -8.8571324e-01   1.5019176e+00   8.1177294e-02  -2.4407825e-02  -1.0252144e+00  -8.6738282e-01   3.4223991e-01
   5.7082372e-01   5.2995166e-01  -6.1735130e-02   1.9049812e+00  -5.1205520e-01  -6.0476153e-01   1.8270360e-01   2.3967600e-01   5.9936189e-01  -4.9281278e-01  -7.2093764e-01   5.2521582e-01
   1.0412313e+00   7.3020148e-01  -2.8481996e-01   1.1490006e+00  -1.0599099e+00   2.3285787e-01   1.0399824e+00   7.2368863e-01   7.6954621e-01  -1.0837463e+00  -7.1084331e-01   4.5083275e-01
   4.9193322e-01   9.1983773e-01  -7.2071060e-01   8.4398477e-01  -1.1717481e+00  -8.4503396e-03   5.8411321e-01   8.6690352e-01   7.4066541e-01  -3.4601531e-01  -5.9645343e-01   8.7306791e-01
  -4.6807955e+00  -9.9336184e-01   1.4189002e+00  -5.0495737e-01  -6.1313594e-02   5.2694018e-01   7.9455908e-01  -1.1989223e+00   1.1421276e-01  -7.0269233e-01   5.6651383e-02   4.8223375e-01
  -1.3248446e-01  -1.8756315e+00   3.1657023e-01   1.9737334e+00   1.7718672e+00  -4.9520144e-01  -4.1014955e-02  -2.0010963e+00   1.9874076e-01  -1.1145731e+00   1.5375946e-03   5.9912075e-01
  -1.0677017e+00  -2.3287567e+00   1.0805551e+00   1.7323633e+00   2.0217098e+00  -6.4687452e-01  -4.8905595e-01  -1.5424656e+00  -2.2216109e-01  -5.2821726e-01   3.8973291e-01   3.3827321e-01
  -7.3697476e-01  -2.7198622e+00   1.7053367e+00   1.5541621e+00   2.8677308e+00  -8.2353265e-01  -3.1703227e-01  -1.6270318e+00  -1.9730644e-01  -6.5353579e-01  -1.8059173e-01   1.8797329e-01
   3.2264280e-02  -2.6842090e+00   1.7668112e+00   1.5213088e+00   2.9203702e+00  -9.0661973e-01  -7.6579766e-01  -1.6276389e+00  -4.1019696e-01  -2.3523795e-01   2.2847406e-02   3.5324066e-01
   7.7887827e-01  -3.3812806e+00   1.1423511e+00   1.6515780e+00   3.0866992e+00  -1.2117074e+00  -1.3380956e+00  -7.5533190e-01  -8.5836379e-01  -3.5320861e-01  -6.0946317e-02   1.9376183e-01
   1.2700654e+00  -3.7293144e+00   1.4073219e+00   1.3165899e+00   2.9620366e+00  -1.0046433e+00  -9.7330085e-01  -8.5513788e-01  -4.4416721e-01  -2.0163340e-01   6.8337854e-02   3.2510482e-01
   1.1112850e+00  -3.4945660e+00   1.1849670e+00   1.3756530e+00   3.0156120e+00  -1.2611020e+00  -6.0536417e-01  -1.0518808e+00  -8.8367488e-01   6.1690769e-01   5.2125899e-02   6.6075090e-01
   7.5763019e-01  -3.4515960e+00   6.7187453e-01   1.2315012e+00   3.2647819e+00  -1.3958835e+00  -3.9403526e-01  -1.1726956e+00  -5.9638664e-01   4.6699694e-01  -3.8826361e-02   6.3183808e-01
   6.3481256e-01  -3.0619980e+00   6.6798795e-01   1.1524979e+00   3.2738212e+00  -1.3237879e+00  -2.4138973e-01  -8.5065604e-01  -3.6663205e-01   3.5269833e-01   3.9011603e-01   5.1120427e-01
   3.2047155e-01  -3.0911320e+00   6.7710412e-01   7.5632039e-01   3.2669859e+00  -1.3571440e+00  -6.2307249e-01  -9.6665681e-01  -4.3021774e-01  -3.6140927e-03   6.2136867e-01   4.5623917e-01
   8.1661548e-01  -2.5891952e+00   3.8132524e-01   6.5067565e-01   2.9609186e+00  -1.1473713e+00  -3.4862315e-02  -1.1641859e+00  -9.5302962e-01   5.2592140e-02   4.0697753e-01   4.1202257e-01
   1.0772234e+00  -2.1401197e+00   2.0870171e-01   6.6454670e-01   3.1095862e+00  -1.3773331e+00   3.5968848e-01  -7.9730945e-01  -6.3686394e-01   5.7138408e-01   5.3369883e-01   9.1193207e-01
   1.2138348e+00  -1.5257672e+00   4.0159922e-02   4.2136369e-01   3.4125184e+00  -1.5396850e+00   2.8038060e-01  -1.1500554e+00  -4.2437020e-01   2.5013706e-01   7.0073820e-01   5.1133502e-01
   8.5632066e-01  -3.7957865e-01  -1.2186796e-01   9.2174279e-01   3.3062193e+00  -1.2783610e+00   1.3844906e-01  -4.3833998e-01  -7.7742288e-01   2.5896424e-01   4.4304221e-01   7.0624788e-01
  -9.3658721e-01  -6.3110302e-01   1.4302713e+00   1.5821769e+00   2.7883113e+00  -1.0137327e-01  -2.4609093e-01  -3.5638987e-01  -3.4698819e-01   1.3195753e-01   2.1004346e-01   1.1858188e+00
  -4.9642144e+00  -1.5040590e+00   1.1066715e+00   9.9941413e-01   2.5560649e+00   1.3551034e-01  -4.6976523e-02  -9.8965997e-01  -9.1904776e-01  -2.8547077e-01   2.0842497e-01   6.0887324e-01
  -6.2239995e+00  -1.5966658e+00   7.0351995e-01  -2.0662484e-01   1.7898992e+00  -2.0670983e-01  -5.0204373e-03  -7.8363795e-01  -5.8585837e-01  -2.4505148e-01   7.4503256e-01   5.1661979e-01
  -7.5465743e+00  -1.9239007e+00   6.5319256e-02   2.3321161e-02   1.9565148e+00   2.7620823e-01  -1.8403419e-01  -1.1156104e+00  -2.7193998e-01   1.3009530e-01   6.1807305e-01  -3.0597417e-01
  -7.4866548e+00  -2.3207463e+00   3.3347656e-01   5.4283641e-01   2.2095534e+00  -1.1554347e-01  -2.2220621e-01  -5.7265927e-01  -2.2865592e-01  -4.9521590e-02   8.3219723e-01   6.1030065e-01
  -7.1976096e+00  -1.4436613e+00   5.7548855e-01   4.4925903e-01   2.9664631e+00   7.9042658e-01  -7.0934037e-02  -1.2678437e+00  -4.4469525e-01  -5.6713744e-03   8.9053152e-01   9.5965185e-01
  -6.9225554e+00  -1.9080980e+00   2.9850451e-01   3.9341221e-01   1.9474151e+00  -1.9291471e-01  -3.4493774e-01  -1.3985870e+00  -7.6387092e-01  -1.9549961e-01   7.2592456e-01   6.1633096e-01
  -6.5333967e+00  -2.4769287e+00   7.4944261e-02   6.1859093e-01   2.6412553e+00   2.0654753e-01   2.5571130e-01  -4.2233577e-01   1.4754497e-01   8.9172268e-02   8.4004560e-01   5.8055041e-01
  -5.5671066e+00  -1.6622449e+00   2.1167307e-01   1.3120069e+00   2.5632534e+00   1.1617814e+00   6.9956455e-01  -5.9129601e-01   4.4674197e-02   5.9377969e-01   1.0391507e+00   7.8800381e-01
  -3.7315165e+00  -8.1380101e-01  -2.6345070e-01   1.4827882e+00   1.7415300e+00   1.0678514e+00  -9.7030036e-02  -6.0226358e-01   3.2756850e-01   6.2331642e-01   1.1080053e+00   9.0497125e-01
  -3.9403548e+00  -3.9053655e-02  -6.7636384e-01   1.5285988e+00   1.2236323e+00   1.6037282e+00   4.0834974e-01  -5.8806190e-01   4.9606612e-01   8.7013805e-01   6.7115683e-01   6.9006188e-01
  -4.6980047e+00   4.2674303e-01  -7.6514135e-01   1.6247921e+00   9.7219922e-01   1.6916973e+00   2.2881894e-01  -4.9341590e-01   4.3664906e-01   1.0011529e+00   1.3113290e+00   1.2140859e+00
  -1.0266587e+01   9.9379826e-01   3.3972319e+00  -4.2589334e-01   2.7211359e+00   1.7217282e+00   1.2596928e+00  -1.1613307e+00  -3.6844615e-01   1.7683770e+00   1.6758903e-01   5.9759915e-01
  -6.9799684e+00   2.0972799e+00   1.4008033e+00   7.7152755e-01   2.3022500e+00   2.2093721e+00   1.6965404e+00  -1.0044056e+00  -5.0830850e-02   1.0263100e+00  -2.6872075e-01   6.4670736e-01
  -6.7131264e+00   2.2106459e+00   1.0608530e+00   8.8893413e-01   1.4533985e+00   1.6453985e+00   9.6249042e-01  -1.4746047e+00   2.8621301e-01   1.1254490e+00  -4.6016006e-02   5.5325691e-01
  -6.2634544e+00   2.1606144e+00   1.1190205e+00   2.2737162e+00   1.4890532e+00   2.1743360e+00   1.2875878e+00  -6.6461146e-01   6.0773921e-01   6.8019140e-01  -3.2103930e-01   6.9882335e-01
  -5.5670318e+00   1.5427571e+00  -3.6320146e-01   1.2572020e+00   1.2394291e+00   1.3394481e+00   1.8068488e-01  -9.2483625e-01   5.0373570e-01   5.4981012e-01  -5.2415649e-01   3.0552675e-02
  -5.0228314e+00   2.2711246e+00   1.8568064e-01   2.4922052e+00   1.7089867e+00   1.7131369e+00   6.9649719e-01  -3.7428760e-01   3.7769133e-01   7.7595435e-01   6.0578261e-01   8.8080409e-01
  -5.5285877e+00   2.4202225e+00   4.3259662e-01   2.5259344e+00   1.9569658e+00   1.3761643e+00   1.8156763e-01  -8.8376078e-01   1.0778939e-01   6.6397168e-01   3.0911985e-01  -8.0303323e-03
  -4.6348055e+00   2.2789054e+00   8.7521646e-01   2.3034311e+00   1.6669679e+00   1.4619398e+00   1.7157074e-01  -4.7604689e-01   1.5243100e-01   3.7309546e-01   3.9957247e-02   8.0928013e-01
  -5.6124861e+00   1.3285656e+00   8.6065480e-01   2.1680864e+00   1.3609234e+00   1.8943623e+00   8.6565015e-01   4.0210362e-01   6.7087965e-01  -6.1881993e-01  -4.3927005e-01   9.0774472e-01
  -5.5246374e+00   1.1705009e+00   6.0124642e-02   2.0273053e+00   1.2435513e+00   2.3425069e+00   3.5896312e-01  -1.6153207e-03   6.8067392e-01   2.5652195e-01  -8.1852592e-02   8.0009927e-01
  -5.4642880e+00   1.7295428e+00   5.7968373e-01   2.1295516e+00   1.6285564e+00   2.4788442e+00   7.4299255e-01  -2.2987604e-01   4.0514025e-01   3.2234714e-01  -3.2928405e-01   2.9037460e-01
  -5.2615276e+00   1.5228057e+00   5.3372683e-01   2.0574965e+00   6.5264280e-01   1.5414754e+00   1.2376932e-01  -7.6868952e-01   9.6516228e-01   7.5570017e-01  -2.4259437e-01   4.3768119e-01
  -5.3387265e+00   2.1550331e+00   6.0235364e-01   1.8239645e+00   1.1685914e+00   1.2593493e+00   3.5957852e-01  -6.2977780e-01   6.7434673e-01   6.6241922e-01   2.1508344e-01   6.0377689e-01
  -5.6303043e+00   2.1477161e+00   4.8136154e-01   2.8435679e+00   1.5943833e+00   1.2117647e+00  -4.1279074e-01  -1.0790745e+00   2.1754302e-01   7.5345733e-01   4.3047629e-01   1.1249750e+00
  -5.2506814e+00   2.9643207e+00   8.3955720e-01   2.0298478e+00   9.0583291e-01   1.4996821e+00   6.7476954e-01  -5.7935853e-01   7.3240286e-02   2.6962591e-01  -4.3875286e-01   8.6947088e-02
  -4.7599781e+00   2.0742176e+00   1.3349319e+00   2.6901287e+00   8.0664211e-01   1.1474210e+00   1.4949191e-01  -1.8706014e+00  -3.9909557e-01   5.1857395e-01   3.5721795e-01  -3.6758925e-02
  -5.3609908e+00   2.2512076e+00   2.4988239e-01   1.8984111e+00   9.6033027e-01   1.5282545e+00   4.7958585e-01  -8.3422002e-02   4.8638077e-01   8.0253290e-01   1.6880825e-01   3.0117431e-01
  -5.8681534e+00   2.6255182e+00   5.6101372e-01   2.4563136e+00   1.8064069e+00   1.6467690e+00   5.1972172e-01  -1.5327488e-01   8.3339276e-01   1.1080959e+00   3.7828240e-01  -1.7968127e-01
  -7.6513531e+00   6.0761779e-01   1.3409021e+00   1.3685281e+00   6.7736453e-01   2.3501096e+00   1.6803793e+00   4.1334099e-01   1.4461072e+00   8.8261385e-01   4.7515070e-01   3.5598981e-01
  -7.0279214e+00   1.5217493e+00   2.1496146e+00   1.4818727e+00   1.9210473e-01   1.8875914e+00   8.9570448e-01  -8.3286623e-01   5.4281522e-01  -4.5605317e-01  -7.4948695e-01   2.1487750e-01
  -7.4511397e+00   3.3657105e-02   2.2998221e+00   2.3824369e+00   3.2614505e-01   1.9132537e+00   6.4608195e-01  -1.5363101e-01   1.0946765e+00   6.4169452e-01  -1.6273091e-01   3.6775414e-01
  -7.1293598e+00   9.7613287e-01   2.4526767e+00   2.2578869e+00   4.7482043e-01   2.0576301e+00   9.0077083e-01  -3.4083899e-01   1.0293378e+00   1.2825041e-01  -1.8276061e-01   8.8657650e-01
  -7.8399121e+00   5.3485205e-01   2.0376005e+00   2.0426731e+00   7.3840804e-01   1.5606337e+00   4.9801094e-01  -5.9206404e-01   7.4874678e-01   7.0163218e-01   3.1269046e-01   7.8494761e-01
  -7.9105708e+00   1.4577663e-01   2.1714515e+00   1.9102125e+00  -2.2852601e-01   1.7022720e+00   7.5800262e-01  -2.0627178e-01   1.0619705e+00  -8.8064317e-02  -2.4386095e-01   1.6659636e-01
  -7.8709866e+00  -6.1007012e-01   1.2961682e+00   1.8656237e+00   9.3297078e-01   1.6407320e+00   4.5460360e-01   2.9685464e-01   1.0889464e+00   4.9792604e-01   2.1232858e-01   1.5015548e-01
  -8.5632285e+00  -1.2847928e+00   6.2752539e-01   1.8992360e+00   8.6298447e-01   1.6547557e+00   1.0627557e-01  -9.0589329e-01  -3.7847101e-02  -3.5692162e-01  -4.7177515e-01  -7.2402101e-03
  -7.6187816e+00  -4.0369039e-01   1.1001115e+00   1.2387970e+00   7.3539127e-01   1.3484284e+00   3.9394597e-01   2.5431357e-02   5.0788675e-01  -4.2943176e-01  -4.7942234e-01  -2.6223109e-01
  -8.9038098e+00  -4.8355643e-01   1.5510191e+00   1.7759740e+00   1.6511602e+00   1.1637718e+00   9.6207873e-01   3.9031672e-02   1.1887664e-01   5.4489345e-02  -1.3713858e-01   3.3543317e-01
  -8.7666015e+00  -5.5758684e-01   1.3894343e+00   1.7507242e+00   1.3368250e+00   7.2825622e-01   1.0109410e+00   3.8552513e-01   8.2858600e-01   6.7214638e-01   4.1141498e-01   4.6299936e-01
