  -8.7132422e+00  -6.7192274e-01   2.8454315e+00   3.0354770e+00   9.9991926e-01   1.0548330e+00   7.4175387e-01   4.0152098e-01   1.2287203e-01  -2.9259799e-01  -3.0890897e-01  -6.9360185e-03
  -8.7365223e+00  -2.9056908e-01   2.6265643e+00   2.6520267e+00   1.0900261e+00   9.6983467e-01   8.1113508e-01   5.9545831e-01   7.1726403e-01   4.7683782e-01   5.3493264e-01   8.0260176e-01
  -9.1660302e+00  -9.3804986e-01   1.7101109e+00   1.3667105e+00   5.2712152e-01   7.7850125e-01   7.0188877e-01   6.3839325e-01   7.8331025e-01   1.5665188e-01   3.0428002e-01   5.5486238e-01
  -8.1415624e+00  -4.9480249e-01   1.6130192e+00   1.8327753e+00   1.2449908e+00   1.5477071e+00   1.7097128e+00   1.4881528e+00   8.1332867e-01  -5.5367175e-02   1.3549916e-01   6.4192339e-01
  -9.0835821e+00  -1.4595450e+00   9.9489503e-01   8.8306863e-01   9.3633732e-01   7.9405852e-01   9.1807082e-01   5.0483423e-01  -6.4083558e-02  -5.7055882e-01  -3.6799236e-01   4.6716678e-02
  -8.8416643e+00  -8.3344842e-01   1.4047433e+00   1.8626051e+00   1.3758655e+00   1.3332435e+00   1.0337575e+00   5.1913673e-01   4.1718254e-01  -3.2757099e-02   1.2065632e-02   8.8588292e-01
  -1.0279817e+01  -7.9058010e-01   6.0438283e-01   2.2046399e+00   1.8729358e+00   1.5493096e+00   1.6223843e+00   4.9608393e-01   8.0876701e-01   1.4914520e-01  -1.4023244e-01   3.5308696e-01
  -1.1678505e+01  -6.1122910e-01   1.2785285e+00   2.4102234e+00   1.6390308e+00   1.0982808e+00   1.3246709e+00   6.2458897e-01   1.0983070e+00   5.1124692e-01  -3.6889806e-01  -2.5512213e-01
  -1.1823158e+01  -6.4223683e-01   9.0683850e-01   1.7153746e+00   9.0461178e-01   1.1936376e-01   9.5417834e-01  -5.5751444e-02   6.9592212e-01   5.2164000e-01  -6.1173414e-02  -1.3944940e-01
  -1.1371787e+01  -3.2591139e-01   1.3619946e-01   1.3103253e+00   1.4354794e+00   7.3013265e-01   1.3424918e+00   1.3729293e-01   4.3468112e-01   1.2933575e-01  -1.4186069e-01   3.6882147e-01
  -1.1046380e+01  -4.0051739e-01  -1.0331207e-01   1.1903237e+00   1.1824165e+00   4.2927426e-01   9.5262696e-01   1.5467682e-02   2.5654246e-01   7.6102153e-02   8.8446916e-02   1.7166111e-01
  -1.0918121e+01  -7.6658231e-01  -1.9913339e-01   1.0333833e+00   1.3871695e+00   9.1211776e-01   1.8452188e+00   5.5092212e-01   6.9362505e-01   5.8938328e-01   4.6144675e-01   7.5898223e-01
  -1.2112738e+01  -2.0070580e+00   1.3723647e-01   1.4326885e+00   1.1182558e+00   8.1434238e-01   1.5614798e+00  -2.7091032e-01   2.9408237e-01   1.8098325e-01  -2.1039019e-02  -1.9692371e-01
  -1.0909201e+01  -1.2573041e+00   7.0855379e-01   1.6962848e+00   1.1118768e+00   1.1865513e+00   2.1480166e+00  -1.6543298e-01   3.6866958e-01   8.4115334e-01   9.2324880e-01   2.6786590e-01
  -1.0839839e+01  -1.9169595e+00   5.1448098e-01   2.0618627e+00   1.3327308e+00   6.3888779e-01   1.5295938e+00   1.4187093e-01  -4.0683751e-02  -1.0020193e-01  -1.4957516e-01  -4.8348922e-01
  -7.8598057e+00  -3.4733127e-01   2.9423010e-01   1.6424364e+00  -6.5966811e-02  -7.5040412e-01   1.4774941e+00   1.2990346e+00   1.1496864e+00   3.2162350e-02   8.8256369e-02   6.9687508e-01
  -5.8371489e+00  -5.7029727e-01  -8.5996586e-01   5.5372842e-01  -1.4262947e+00  -1.9183166e+00   7.7070887e-01   1.6530892e+00   1.4266895e+00   1.8628901e-01  -4.4551958e-01   4.0122451e-01
  -1.7330565e+00   9.6104817e-01  -7.0902448e-02   6.3417560e-01  -2.3526881e+00  -1.7761961e+00   3.1991939e-01   1.1296393e+00   8.9665203e-01   7.6813544e-02  -3.6168056e-01  -2.1468796e-01
   7.9330014e-01   1.6593605e-01  -9.9876464e-01   1.0148631e+00  -2.4528230e+00  -2.9127045e+00  -3.6434116e-02   1.2061373e+00   6.9608737e-01  -4.9971943e-01  -3.7383602e-01   2.3244091e-01
   7.7365740e-01  -1.1203651e+00  -9.2274172e-01   6.1281518e-01  -2.0216623e+00  -1.7588107e+00   3.2762375e-01   3.9898846e-01   3.6801156e-01  -8.7464358e-01  -8.4871043e-01  -8.6310286e-02
  -3.3506705e-01   1.8412970e-01  -6.6452786e-01   7.2154737e-01  -1.4574215e+00  -7.8822393e-01   3.7707225e-01  -2.2096075e-01  -3.1782846e-01  -1.2414782e+00  -7.0470747e-01   9.9042833e-02
  -4.9362372e-01   1.3795414e+00  -9.3217836e-03   9.4754153e-01  -7.1675017e-01  -6.8353672e-01   4.1815035e-01  -3.3044084e-02   9.8204966e-02  -8.9606514e-01  -3.8822585e-01   1.8464136e-01
  -6.1027160e-01   7.7958551e-01  -3.9218117e-01   1.0411070e+00  -1.6022845e+00  -4.0120547e-01   5.1912454e-02   4.1410645e-01   4.3214046e-01  -1.4691930e-01  -6.4819056e-01   2.4299679e-01
  -3.2820372e+00   1.3078947e+00  -2.1667093e-01   9.5351322e-01  -1.5591656e+00  -6.0528041e-01   4.7438811e-01   2.9270533e-01   8.6609178e-01  -6.8494303e-01  -2.7698599e-01  -1.9297561e-01
   2.3158943e-01  -1.5066651e-01  -6.6390444e-01   1.0556407e+00  -1.3390978e+00  -9.7152802e-01   9.6053513e-01  -1.4391035e-01   5.4443095e-01  -1.2320289e+00  -8.2306895e-01   6.1354819e-01
   1.3296298e+00  -1.0650002e-01  -1.7111332e+00   3.9353347e-01  -1.4587272e+00  -1.3068472e+00   3.0983744e-01   3.3535508e-01   2.0219152e-01  -1.2167255e+00  -7.5364617e-01   4.3307697e-01
   1.8689682e+00   7.8056851e-01  -1.6044626e+00   1.4174195e-01  -9.7981046e-01  -1.9825011e+00  -3.5612428e-01   8.8581318e-01   4.7949545e-01  -5.0589090e-01  -8.3455124e-01  -2.8614786e-01
   1.9380113e+00   2.0171962e+00  -6.2742414e-01   3.0737637e-01  -9.4243343e-01  -1.6602831e+00  -8.1524739e-01   5.6754173e-01   8.6606826e-02  -3.9657778e-01  -7.1699873e-01  -1.8320096e-01
   1.7742124e+00   1.5035414e+00  -2.1256756e-01   8.6311790e-01  -3.8939891e-01   4.9356645e-02  -2.2382855e-01   7.2819743e-01   4.3959655e-01  -1.7914827e-01  -5.1534636e-01  -4.5886893e-01
   1.5597493e+00   7.7583598e-01  -4.7453085e-01   1.2047571e+00  -4.5866682e-01   2.1880175e-01   1.3092909e-01   1.0556181e+00   6.7848154e-01   7.0166650e-02  -7.3208829e-01  -4.9333850e-01
   1.8714562e+00   1.1184931e+00  -7.3885645e-01   1.2824413e+00  -1.5354051e+00  -1.4116552e+00  -6.6004948e-01   8.9114233e-01   4.2945025e-01  -1.9031794e-01  -1.6526719e-01   2.7921964e-01
   2.1209540e+00  -1.6975255e-01  -6.9779798e-01   7.7977769e-01  -1.8431274e+00  -1.6047689e+00  -1.6758498e-01   1.6701108e+00   1.2665689e+00  -2.7519711e-01  -1.1645291e-01   1.7149415e-01
   1.9780192e+00  -8.7787925e-01  -6.4934192e-01   1.0462127e+00  -1.8373210e+00  -1.3733040e+00   4.2693180e-01   9.8676339e-01   6.5410526e-01  -4.2793123e-01  -4.3724271e-01   1.5310042e-01
   3.3367069e-01  -7.4796720e-01  -9.6067461e-02   1.5398037e+00  -1.9552036e+00  -5.8441215e-01   1.3571349e+00  -4.1565471e-02   3.9992761e-01  -5.5834373e-01  -4.8512931e-01   1.0155650e+00
  -1.9026031e+00   1.5621753e+00   9.0274586e-01   4.6818564e-01  -5.1265944e-01  -4.3072171e-01   9.1796795e-01   2.8770969e-01   4.7398633e-01   1.1595055e-01  -2.6356452e-01   3.4776765e-01
  -2.7621131e+00   1.2338248e+00   7.3328729e-01   7.8373967e-01  -8.2572428e-01  -1.1445413e+00   1.3566216e+00   6.9456432e-01   7.0070863e-01   2.7319869e-01  -2.1452185e-01   5.5065552e-02
  -3.0874547e+00   1.8782055e+00   5.0607952e-01   2.5893141e-01  -9.1251930e-01  -4.3055873e-01   1.3000577e+00   7.4348071e-01   1.2146502e+00   3.4006603e-01  -2.0407725e-01   2.7034975e-01
  -4.0987477e+00   2.0936163e+00   1.2808265e+00   1.0683021e+00  -9.6293356e-01  -8.4318010e-01   1.1009825e+00   7.9872287e-01   5.5818223e-01   4.6961862e-02  -4.9957984e-02   8.2010072e-01
  -5.6072528e+00   5.0293730e-01   1.2022411e+00   5.9107848e-04  -6.9733945e-01   2.8941085e-01   1.3212726e+00  -9.0571281e-01   2.5186868e-01  -1.2649128e-01   3.7427235e-01   7.1738923e-01
  -3.1365718e+00  -2.6962975e-01  -5.9973292e-01   1.8118384e+00   1.1338242e+00  -7.8290850e-01  -3.9343644e-01  -1.0148400e+00  -8.7630522e-02  -7.0959042e-02   3.0539582e-01   1.5677834e-01
  -5.5757582e-01  -1.6671124e+00  -8.1625363e-01   2.8973712e+00   1.5686025e+00  -9.3164282e-01  -1.1920436e+00  -1.5374816e+00  -3.8113629e-01  -3.7807332e-02   1.3282376e-01   6.1015084e-02
  -1.6232994e-02  -2.1961457e+00  -6.0287617e-01   2.9635549e+00   1.6461054e+00  -8.0659453e-01  -1.0467478e+00  -8.5153917e-01  -1.8402153e-01   2.9217015e-01   1.2083473e-02   7.3268751e-03
  -8.6978345e-01  -1.9810160e+00  -4.4002112e-01   2.7946782e+00   2.0355247e+00  -4.5030692e-01  -9.7916232e-01  -1.1017392e+00   3.3659400e-03   5.0685018e-01   1.7587763e-01   3.8301233e-02
  -2.0908998e-01  -2.3366363e+00  -6.3850791e-01   2.5647869e+00   1.8626120e+00  -7.1103039e-01  -1.3919261e+00  -1.2567887e+00  -1.5813928e-01   3.0658639e-01   1.1429852e-01  -1.1453490e-01
   2.7223273e-01  -2.5152219e+00  -1.1970882e+00   2.8901448e+00   1.2590784e+00  -4.1783007e-01  -1.0980772e+00  -1.2075242e+00   2.4129065e-02   2.9951546e-01   3.2033456e-01   9.2869180e-02
  -4.7716163e-02  -2.5759914e+00  -5.4988277e-01   2.2919701e+00   1.7134505e+00  -3.4056772e-01  -9.5272167e-01  -8.6546643e-01  -1.2487953e-01   8.0636674e-01   4.7811071e-01   2.0572397e-01
  -1.2656145e-01  -2.4364418e+00  -9.8403897e-01   1.9873902e+00   1.9092357e+00  -7.0974479e-01  -7.8645507e-01  -1.3421486e+00  -3.1522581e-01   8.0951952e-01   4.4125281e-01   1.7116256e-01
   3.3014203e-01  -7.4995914e-01  -1.1335019e+00   1.5167042e+00   1.9609016e+00  -6.2311955e-01  -2.9123653e-01  -1.0957475e+00   2.9525944e-01   5.1825848e-01   2.2047730e-01   2.1588871e-01
  -7.8120873e-01  -4.6549786e-01  -4.4714894e-01   2.3359928e+00   2.3033264e+00  -6.1351089e-02  -1.1129102e-02  -1.3272320e+00  -2.1090252e-01   7.8918956e-01   1.0798918e+00  -2.5721017e-01
  -1.0168358e+00  -3.6048298e-01  -1.5072669e-01   1.9994561e+00   1.8856849e+00   2.7816554e-01  -1.4162645e-01  -8.3388210e-01   3.5485614e-01   8.1587072e-01   5.2282216e-01  -1.5069214e-01
  -4.6591924e+00  -1.2139576e+00   6.6902022e-03   1.3538107e+00   1.7046013e+00   8.0890961e-01   7.0232950e-02  -7.3753054e-01  -4.7278937e-01  -3.3341176e-01   1.1434120e+00   4.9863459e-01
  -6.6592844e+00  -1.2901481e+00  -4.5016774e-01   9.8100002e-01   2.1086555e+00   4.5362399e-01  -2.2200703e-01  -1.2726296e+00  -9.1218175e-02   1.3913467e-01   1.0218732e+00   2.4874316e-01
  -7.2365073e+00  -1.7145560e+00  -7.2118816e-01   1.5390138e+00   1.6768837e+00   1.5923295e-01   4.4362469e-01  -5.7642077e-01   1.3062853e-01   1.8023814e-03   4.6330807e-01   1.9787660e-01
  -7.6743839e+00  -1.6918335e+00  -1.1507049e+00   5.7627505e-01   1.2109916e+00   2.8791022e-01  -3.8330941e-01  -1.2568244e+00  -3.3957139e-01   1.7355926e-02   1.0393299e+00   7.1012073e-01
  -8.2867224e+00  -2.1621191e+00  -1.0623711e+00   4.6180441e-01   7.6317041e-01  -1.4080713e-01  -1.3879130e-01  -8.0511941e-01  -4.0979650e-01  -5.4870522e-01   6.2931758e-01  -6.9607358e-03
  -7.5311993e+00  -2.1229138e+00  -1.3130768e+00   7.4880675e-01   1.0284034e+00  -9.6171600e-02   1.8256031e-01  -1.1817252e+00  -2.2615311e-01  -2.5462428e-01   1.0569763e+00   6.1701726e-01
  -8.1186295e+00  -3.1128803e+00  -1.8899402e+00   2.5379792e-01   1.3899254e+00  -3.4166511e-02  -2.5491751e-01  -1.3852085e+00  -6.1329236e-01  -3.1204019e-01   9.9816868e-01   3.8348810e-01
  -6.7167228e+00  -2.4857643e+00  -8.7729555e-01   6.7865362e-01   1.0640045e+00   3.7690701e-01  -1.6429031e-01  -1.1635972e+00  -3.5470880e-03   1.5347532e-01   1.0890352e+00   3.8971864e-01
  -5.3070658e+00  -2.4037345e+00  -4.7825084e-01   9.5103442e-01   1.2902932e+00   6.1403777e-01   1.3617966e-01  -1.2547985e+00  -8.5686889e-01  -9.1354189e-02   1.2153051e+00   8.3137066e-01
  -4.9152685e+00  -1.5202281e+00  -3.3590140e-01   1.0613491e+00   1.0175046e+00   5.3156065e-01   5.4912096e-01  -4.2865548e-01  -2.6244305e-01   1.2272721e-02   4.3552636e-01   5.1284667e-01
  -5.5324161e+00  -1.2530327e+00  -8.4138235e-03   8.8823524e-01   9.1158298e-01   1.0935055e+00   5.5287792e-01   1.1586070e-01   5.6337439e-02   3.2812938e-01   5.3047002e-01   7.4742529e-01
  -7.0911030e+00  -8.9296922e-01   5.1826632e-01   1.0186925e+00   1.4184145e-01   5.5592965e-01   1.1262293e-01  -9.1248772e-02   1.3092333e-01   1.7569462e-01   3.7194780e-01   3.0840053e-01
  -8.2573674e+00  -4.8698187e-01   1.2322983e+00   8.2424686e-01   1.3173927e+00   1.6600524e+00   1.6167156e+00  -8.4496409e-02   3.9458404e-01   5.4259618e-01  -1.0317137e-01   4.6363158e-01
  -8.5849681e+00  -7.3661548e-02   1.9588233e+00   2.1329737e+00   1.8551436e+00   1.2946077e+00   1.2449103e+00   2.8664133e-01   3.6208009e-01   8.4569510e-01   1.7364588e-01   5.0168116e-01
  -8.8088650e+00   3.1220593e-01   2.4533072e+00   1.8589996e+00   1.5168336e+00   1.3067865e+00   1.1675014e+00   3.6761885e-02   4.8239590e-01   4.4821975e-01  -4.0019049e-02   3.5104149e-01
  -8.3690665e+00   5.7529270e-01   2.3014680e+00   1.6317548e+00   1.5268242e+00   1.3424325e+00   8.7092684e-01  -2.7638886e-01   2.2833547e-01   6.8293395e-01   2.5520632e-01   1.9841323e-01
  -7.5515792e+00   9.6857680e-01   2.2588343e+00   1.9954657e+00   1.4226556e+00   1.6962768e+00   1.0364556e+00  -4.1740585e-01  -1.9459816e-02   4.1596075e-01   2.0619271e-01  -7.7824607e-03
  -7.1021027e+00   8.6501329e-01   2.1730427e+00   1.7969771e+00   1.2960392e+00   1.9143511e+00   7.5726792e-01  -5.8340503e-01   5.4195865e-01   1.0331475e+00   4.9672562e-01   6.9649322e-01
  -7.1890363e+00  -6.1748952e-02   2.6818484e+00   2.3766628e+00   7.5468770e-01   2.3355544e+00   1.3298523e+00  -7.6722656e-01   4.7206280e-01   1.1250042e+00  -2.7425399e-01  -1.7500953e-01
  -7.0651390e+00  -8.6602524e-01   2.2302479e+00   3.1027464e+00   1.0007784e+00   1.9382822e+00   6.6705829e-01  -5.5439215e-01   1.1521103e+00   1.8643893e+00   3.2418029e-01  -4.6489954e-01
  -1.0216755e+01  -9.5511222e-01   3.7706095e+00   1.9969398e+00   7.9686985e-01   2.1370084e+00  -2.8297773e-01  -8.6910254e-01   1.5812489e+00   3.4499311e-01   1.9258645e-01  -1.0420425e-01
  -7.0406479e+00  -6.0335174e-01   1.8377008e+00   2.8827813e+00   8.3984346e-01   1.0260405e+00   2.2566331e-01  -2.6282702e-01   1.2250197e+00   8.1601995e-01  -2.1866680e-02  -1.5883671e-01
  -6.1254234e+00  -3.3348998e-01   1.7047734e+00   2.5090234e+00   1.6080546e-01   1.4011969e+00   9.5717023e-01  -1.5645066e-01   9.4236545e-01   1.0455583e+00  -2.4525446e-01  -9.7574552e-02
  -6.4441077e+00  -1.8919154e+00   1.2351201e+00   2.8120196e+00  -1.1539377e-01   1.5253756e+00   1.1718152e+00  -2.6187750e-02   5.7388378e-01   8.7540007e-01  -7.7529346e-01  -2.0316758e-01
  -6.3009609e+00  -2.0351996e+00   1.0486464e+00   3.2893548e+00  -2.0510294e-01   9.8047248e-01   1.3142374e+00  -2.4932229e-01  -3.5908331e-01   2.3669388e-01   1.7764794e-01   3.7639053e-01
  -5.5937134e+00  -2.2471458e+00   1.5295241e+00   3.4333121e+00   5.2882307e-02   8.9350241e-01   1.5822093e+00  -6.7834839e-03   1.3070902e-01   3.9391772e-01   3.3026261e-02  -1.0821993e-01
  -5.6567634e+00  -1.5224206e+00   1.5945039e+00   2.6299134e+00  -5.4224164e-01   8.9496315e-01   1.2160003e+00  -3.1471981e-01  -2.5054384e-01  -5.9137216e-01  -3.3314207e-01   6.2429532e-01
  -5.2094278e+00  -1.1590555e+00   8.1784259e-01   2.3505782e+00   2.9373049e-01   1.4028076e+00   1.0092180e+00  -7.8945974e-02  -5.5930794e-01  -4.1613827e-01   1.7357136e-02   7.6431042e-01
  -5.3003472e+00  -1.0775052e+00   1.2208098e+00   2.3946540e+00  -2.1801566e-01   9.3934430e-01   1.3825225e+00   4.3653074e-01   2.2486536e-01   3.3702189e-01   3.2320508e-01   8.1435545e-01
  -5.6626699e+00  -9.8450654e-01   9.8580326e-01   2.0073602e+00  -1.6062846e-01   9.8280404e-01   1.1537374e+00   6.9013553e-01   6.6206634e-01   6.2152492e-01   3.0748997e-01   4.2247913e-01
  -7.2009875e+00  -8.4073593e-01   1.1135155e+00   1.9089888e+00   6.2613906e-01   1.7937153e+00   1.0531936e+00   4.7654381e-01  -9.7796885e-02   8.0876225e-02   3.5817155e-01   7.8971466e-01
  -1.1193336e+01   3.1232402e-02   8.6637827e-01   2.6332282e+00   1.4017094e+00   9.1863848e-01   2.3702822e-01   6.3725560e-03   2.9878360e-01   4.1251520e-01   5.2986239e-02   2.3356854e-01
  -1.0078540e+01  -9.0603743e-01   1.5931376e+00   2.6098509e+00   1.3321897e+00   7.8018890e-01   1.5994061e+00   9.1950867e-01   6.0494863e-01   2.3974157e-01   3.0611016e-01   4.0763504e-01
  -1.0558833e+01  -1.0882217e+00   1.2934626e+00   2.6816346e+00   1.0117392e+00   6.9869402e-01   9.8235502e-01   3.9253502e-01   3.9633753e-01   2.4156511e-03   3.3280248e-01   1.7295899e-01
  -1.0008505e+01  -8.1222988e-01   1.9830809e+00   2.7717545e+00   1.7190503e+00   1.3635560e+00   1.4076779e+00   6.4865282e-01   9.7629629e-01   4.4705354e-01  -1.1726868e-01   1.1293634e-01
  -9.6211157e+00  -1.6809642e+00   2.1738308e+00   2.6798565e+00   7.1698873e-01   7.8102836e-01   1.6986232e+00   6.9647115e-01   1.0208596e+00   1.5573289e+00   6.5683434e-01   4.8530534e-01
  -8.4879762e+00  -1.7641048e+00   2.5891024e+00   3.5666331e+00   1.1954033e+00   8.0023404e-01   8.8163714e-01  -1.3743036e-01   4.4131311e-01   9.9826468e-01   2.7702215e-01  -1.1521277e-01
  -8.1907663e+00  -2.2024232e+00   2.6795480e+00   3.5159832e+00   4.5993320e-01   7.6411782e-01   1.3792203e+00   5.6094014e-02  -2.3840774e-01  -4.0438507e-01   1.1802535e-01   3.1547806e-01
  -7.4944941e+00  -1.7957440e+00   1.5076478e+00   2.2428034e+00  -5.5760968e-01   2.5461367e-01   9.7362735e-01   7.0650538e-01   5.0489638e-01   2.4876984e-01   5.9894424e-02   1.1718879e-01
  -7.3040716e+00  -1.6404025e+00   2.1643923e+00   2.9832799e+00   1.2424766e-01   5.3404663e-01   1.0691729e+00   3.1930207e-01   4.2799143e-01   4.5245322e-01   4.7881177e-01   3.0750843e-01
  -7.9909083e+00  -8.1339528e-01   2.6957811e+00   3.3858481e+00   1.2874619e-01   1.1568619e+00   9.7066593e-01   1.0069820e+00   3.7006403e-01   6.8605258e-01   5.6469081e-01  -8.0486624e-02
  -7.5000465e+00  -5.1623702e-01   2.7085675e+00   3.3851594e+00   6.7305965e-01   1.2682522e+00   9.1312932e-01   1.2776284e-01   3.6945477e-02   3.3643073e-01   5.9007902e-01   5.5186892e-01
