  -7.4424904e+00  -3.8008264e-01   1.1503494e+00   1.8302170e+00   1.0615172e+00   2.0762374e+00   1.1060577e+00   3.6416599e-01   9.7244977e-01   2.8821868e-01  -1.8987301e-01  -1.2946996e-01
  -7.6239174e+00  -1.7963502e+00   8.4615418e-01   2.0206436e+00   1.1266848e+00   1.5086416e+00   1.0740144e+00  -3.1828994e-01   7.5149753e-01   3.2398744e-01   3.3573298e-01   1.5575172e-02
  -8.5810039e+00  -1.0481022e+00   7.8045849e-01   1.8064660e+00   7.2809127e-01   1.8019186e+00   1.7166132e+00  -2.2229255e-01   5.8117575e-01   3.2791658e-01   3.1123296e-01   5.2931767e-01
  -2.8076093e+00  -2.3782028e-01  -8.4612297e-01  -2.5953176e-01  -1.4226986e+00  -6.0402826e-01   5.6180719e-01  -7.0808831e-02   1.0415289e+00  -4.0480203e-01  -5.7734727e-01  -5.9127791e-02
  -6.1222078e-01   8.2388951e-01  -3.2972776e-01   3.7311167e-01  -1.1964375e+00  -1.4250333e+00   7.4501047e-01   7.9871819e-01   4.1737928e-01  -3.5553684e-01  -7.8495062e-01   5.5640632e-01
  -9.9048064e-01   3.2656091e-01   3.9652513e-01   5.4834969e-01  -1.2475233e+00  -5.7145729e-01   1.0854569e+00   2.8118276e-01   3.1947836e-01  -8.1412225e-01  -7.0320430e-01   2.2532780e-01
  -3.0382779e+00   1.0869232e+00   1.2246311e+00   8.4821284e-01  -8.6693752e-01  -1.0177964e-01   1.3039441e+00   2.1688397e-01   4.2227547e-01  -4.9503749e-01  -1.1823392e+00   2.5638904e-03
  -4.1986898e+00   1.8184590e+00   1.2125684e+00   3.9223029e-01  -5.9326717e-01  -4.1638101e-02   7.5457286e-01  -5.8049059e-01  -1.1619820e-01  -6.3602313e-01  -2.8075832e-01   1.7593697e-01
  -4.6336640e+00   1.9298023e+00   1.1882578e+00   3.0623911e-01  -7.3493248e-01  -3.2800482e-01   1.1070274e+00   3.0606347e-01   4.2030450e-01  -5.8417988e-01  -5.0171955e-01   1.6123805e-01
  -2.6875559e+00   8.8178043e-01   1.1210578e+00  -1.3596111e-01  -9.8394317e-01   3.3690004e-02   1.0589836e+00  -5.5330321e-01  -9.6502920e-02  -1.4466164e+00  -5.7252056e-01   4.8901006e-01
  -1.6124767e-01  -1.8786664e-01  -2.8003969e-01  -2.3033214e-02  -1.1062491e+00  -1.1152933e+00   4.1130363e-01  -3.7191382e-01   1.4758787e-01  -1.2502512e+00  -9.3734126e-01   8.9204788e-01
  -5.1110558e-01   2.0539418e-01  -4.2385262e-01  -3.6110616e-01  -9.6464220e-01  -2.1525171e+00   1.9000361e-01   3.3214949e-01   1.2485536e-01  -1.1356530e+00  -1.3726118e+00   3.7665119e-01
  -2.3013911e+00   1.8591198e+00   1.0756948e+00   5.2843866e-01  -3.8012640e-01  -7.4127638e-01   1.5690931e-01  -6.8838265e-02   2.7112630e-01  -3.9878822e-01  -4.3710401e-01  -1.0921691e-01
  -1.2832261e+00   1.8606738e+00   6.7046106e-01   3.4310100e-01  -3.1272722e-01  -6.1352695e-01   3.7640109e-01  -8.0393984e-02   6.1558614e-01  -3.2095244e-01  -5.9713760e-01  -3.3395663e-01
  -1.5844038e+00   1.4104702e+00   1.2856044e+00   1.3386703e+00  -2.7980605e-01  -7.4082437e-01   2.1383430e-01  -5.6250985e-02   7.2072710e-01  -2.5370311e-01  -7.3349254e-01  -7.0932707e-01
   4.9868218e-01   7.2593789e-01   2.1084787e-01   3.7596112e-01  -1.1543890e+00  -1.8243447e+00  -3.8841997e-01   5.6070872e-01   6.9866233e-01  -5.4356023e-01  -2.4013853e-01  -8.0830911e-02
   1.5872809e-01  -7.7692837e-02  -5.1069450e-01   7.5884201e-02  -7.2016093e-01  -2.0912944e+00   5.9662461e-01   1.0433314e+00   9.8110413e-01  -6.1201250e-01  -7.3371745e-01   5.1361936e-01
   1.5696903e-01  -9.1418921e-01  -2.9872636e-01  -1.8399486e-02  -8.3459331e-01  -1.5751149e+00   1.0853017e+00   4.9029925e-01   5.8229803e-01  -9.9482002e-01  -6.7742222e-01   4.1492322e-01
  -4.7640648e-02  -9.8345300e-01   6.6660230e-01   3.2231438e-01  -1.1513224e+00  -6.9071506e-01   1.2917766e+00  -3.8533494e-01   1.0786759e-01  -9.2426749e-01  -7.3104723e-01   3.9220573e-01
  -1.0255225e-01   1.0264978e+00   6.4641913e-01   1.3009598e+00  -3.8931738e-01  -6.0689260e-01   9.5887824e-01   2.6770641e-01   7.1414825e-01  -3.9354052e-01  -2.6559041e-01   8.1213254e-01
  -2.5513728e-02   9.3895701e-01   3.0265938e-01   7.5091432e-01  -5.6920508e-01  -3.7553531e-01   9.6850298e-01   1.8287869e-01   8.7122875e-01  -9.9374543e-01  -6.5291220e-01   7.9619396e-01
  -7.7407752e-01   6.6856397e-01   3.0298231e-01   9.6990472e-01  -1.0167300e+00  -1.0160902e-01   6.1009911e-01   6.5150098e-01   9.3534845e-01  -3.2412352e-01  -4.3945945e-01   6.6516203e-01
  -4.0816927e-01   9.1869714e-01   4.4184350e-01   7.7193232e-01  -1.3029432e+00   5.4156238e-01   8.3157327e-01   1.4359613e-01   9.3871143e-01  -6.7420092e-01  -2.4041355e-01   7.9820375e-01
  -2.5882042e+00  -2.5824689e+00   1.5696487e+00   1.3879075e+00   8.9051889e-02   7.5501306e-01   5.2622620e-01  -1.1140140e+00   9.8262357e-01   2.8117317e-01   4.2259492e-02   8.4451917e-01
   3.7630193e-01  -3.3868034e+00   1.9574408e+00   1.6454606e+00   2.1273610e+00  -9.2265415e-01  -2.1949725e-01  -1.8397789e+00  -1.4412661e-01  -3.1663404e-01  -5.0105828e-01   3.2464961e-01
   8.0332373e-01  -3.7786452e+00   2.6634949e+00   7.2656554e-01   2.6273900e+00  -1.2884468e+00  -2.4037089e-01  -1.4040166e+00   8.8957263e-02  -2.1070547e-01   1.4578075e-01   7.0824659e-02
   4.6502084e-01  -3.6618078e+00   2.4235885e+00   9.2415744e-01   3.2089670e+00  -1.8372651e+00  -4.8993217e-01  -1.3003596e+00   8.1323904e-02   1.3688902e-01  -4.9574787e-01   5.5705942e-01
   1.3729835e-01  -4.1861371e+00   2.3038569e+00   1.2837280e+00   3.1154577e+00  -1.7976042e+00  -9.9957612e-01  -1.0458000e+00   2.1402903e-01   1.0063215e-01  -1.0924721e-01   3.8878294e-01
   6.3054978e-01  -3.8619457e+00   2.1813241e+00   9.4703617e-01   3.4893364e+00  -1.7300861e+00  -3.4407429e-01  -8.2765199e-01   1.2369950e-01   5.3520714e-01  -8.5076770e-02   7.1468176e-01
   5.1863422e-01  -3.5378919e+00   1.3191620e+00   1.7496776e+00   2.5477631e+00  -1.1391732e+00  -9.4003927e-01  -1.3095684e+00   3.8382324e-02   6.1744482e-01  -4.7841081e-03   7.5418585e-01
   1.3275587e+00  -3.8206596e+00   9.9713903e-01   1.6410600e+00   2.4406205e+00  -1.3133618e+00  -5.3037199e-01  -1.1469382e+00   3.3853852e-02   1.6086820e-01   3.3500777e-01   4.6044341e-01
   3.7150793e-01  -3.0807887e+00   1.1698805e+00   1.4223063e+00   2.1715226e+00  -1.0504106e+00  -5.4405611e-01  -7.8848877e-01  -4.6017419e-01   6.7005949e-01   4.3913834e-01   3.0045229e-01
   1.3730077e+00  -2.5223215e+00  -9.6201535e-02   1.7040078e+00   1.9882951e+00  -1.0347002e+00  -6.2264612e-01  -9.0698832e-01  -6.9684168e-01   4.7242509e-01   2.4974909e-01   6.8659976e-01
   1.7874910e+00  -9.8085434e-01  -9.1139800e-01   1.0654377e+00   2.7415886e+00  -7.9941388e-01  -4.9199480e-01  -6.3756091e-01  -4.7036680e-01   4.8828813e-01   4.8203088e-01   8.2190164e-01
   4.9719062e-02  -2.5710691e-01  -5.3617577e-02   1.0234202e+00   2.1732034e+00  -4.6745382e-01  -5.8314603e-01  -4.6848912e-01  -7.1541783e-02   6.5749283e-01   4.1505446e-01   1.1090779e+00
  -2.7765204e+00   3.0745075e-01   4.9500329e-01   1.4396825e+00   1.6517754e+00   5.9889594e-01  -4.3610214e-01  -1.2997441e+00  -5.9954097e-02   1.0056102e-02   6.1635356e-01   1.2244301e+00
  -5.0036566e+00  -4.0058452e-01   5.0318939e-01   2.2820748e+00   2.1298377e+00   7.6207575e-01  -4.6936643e-03  -1.3577687e+00  -7.5203193e-01  -1.3520587e-01   4.7031116e-01   6.5247967e-01
  -7.1167547e+00  -1.1739060e+00   2.7726375e-02   1.0847922e+00   1.1758127e+00  -1.9233007e-01  -2.4887285e-01  -1.1829564e+00  -5.0712226e-02   3.6751851e-01   6.8983200e-01   6.1803212e-01
  -7.5385495e+00  -2.0246166e+00  -8.4569773e-01   1.3492408e+00   1.1394784e+00   3.0490926e-02  -9.8384539e-02  -6.2667791e-01  -4.0876434e-02   4.0611160e-01   5.7855571e-01   7.5696887e-01
  -8.3276244e+00  -1.7749657e+00  -2.4536390e-01   9.7159756e-01   1.1010600e+00   4.2319898e-01   4.9425296e-01  -6.8431892e-01  -1.4548225e-01   7.2722903e-01   9.9049318e-01   5.7479571e-01
  -8.1665688e+00  -2.1213311e+00  -6.5847309e-01   5.2194192e-01   4.0744767e-01  -6.8965730e-02  -3.4192010e-02  -1.3637634e+00  -2.3920900e-01   2.0345712e-01   6.5071159e-01   7.1459164e-01
  -8.2756015e+00  -2.1811227e+00  -3.3239712e-01   6.6144376e-01   7.3201819e-01   2.8341568e-01   5.3921762e-01  -8.0135934e-01   2.0165246e-01   2.6474934e-01   5.4454627e-01   8.4401256e-01
  -7.5957576e+00  -1.4046286e+00  -4.7165026e-01   4.1694180e-01   4.7560258e-01   8.1467881e-02   1.5696851e-01  -8.9914500e-01  -2.8711625e-01   4.8918073e-01   7.6874139e-01   7.8757281e-01
  -8.3626479e+00  -2.6312986e+00  -1.0341533e+00  -1.5955533e-01   1.2793846e-01   1.2809675e-02   5.4882352e-01  -7.7859933e-01  -2.4762862e-02   1.0943832e-01   3.6974379e-01   5.6288755e-01
  -7.3060342e+00  -1.5378630e+00   1.2817124e-02   1.0788954e+00   1.1345341e+00   1.8025736e-01   1.8243512e-01  -7.9707231e-01   4.1683252e-02   5.3061514e-01   8.7166569e-01   4.7351756e-01
  -6.9353043e+00  -5.2380345e-01   4.4748609e-01   1.3603113e+00   1.0241653e+00   1.8573095e-01   4.9142802e-01  -1.1680490e+00   3.5688176e-01   3.3343401e-01   8.6675961e-01   7.5347441e-01
  -7.7443669e+00  -8.0934573e-01  -1.8101698e-01   5.5958913e-01   6.0756376e-01   5.9866035e-01   8.0120292e-01  -7.4688676e-01   1.8681791e-03   8.2042814e-01   1.0849798e+00   8.6961140e-01
  -9.0244150e+00  -3.1877227e-01   5.2516219e-01   3.6527844e-01   3.1900595e-01   6.7392425e-01   6.1653359e-01  -1.3652377e+00   5.7605239e-02   3.2113506e-01   6.2574757e-01   5.9621373e-01
  -8.7363398e+00   1.2062573e-01   1.1140016e+00   1.8036076e+00   1.2700813e+00   1.7518384e+00   1.7127453e+00  -8.8421035e-02   8.2882998e-01   6.7136424e-01   3.7581139e-01   5.8307202e-01
  -9.4838507e+00   3.0458063e-01   1.8843168e+00   2.2926742e+00   7.1621823e-01   1.1454908e+00   9.4538329e-01  -2.6071637e-01   8.9359752e-01   1.8829031e-01   3.7898511e-01  -4.8615652e-02
  -1.3941729e+01  -6.7834270e-01   3.5758266e+00   3.8090423e-01   1.3812292e+00   1.5011412e+00   1.0853880e+00  -5.0653635e-01   1.8721277e-01   1.1926301e+00   1.6914923e-02  -2.7736584e-01
  -1.0761935e+01   9.8609767e-01   2.2987652e+00   1.4983626e+00   1.2220853e+00   1.7472354e+00   1.9083911e+00   9.6661923e-02   1.0541745e+00   1.1444430e+00   6.5739802e-01   2.9934428e-01
  -8.9543529e+00   1.4409671e+00   2.1392614e+00   1.5683630e+00   9.7597491e-01   1.5399590e+00   6.5258806e-01  -8.4770125e-01   5.1688264e-01   6.7400038e-01  -2.2145615e-01  -2.2529908e-01
  -8.0216287e+00   1.3720641e+00   2.9772870e+00   2.1282417e+00   1.0710047e+00   1.5898052e+00   8.0551916e-01  -1.2072347e-01   8.2184035e-01   3.2197588e-01  -3.1593139e-01   7.8680424e-02
  -7.3483811e+00   1.1559920e+00   2.0429465e+00   1.1633743e+00   8.8919389e-01   2.5736087e+00   1.5569574e+00  -4.1393229e-01   9.5600275e-01  -1.6881858e-02   1.6783542e-02  -2.7958385e-01
  -1.1235059e+01  -1.9308848e+00   4.9114146e+00   8.8265402e-01  -9.7076547e-01   2.6290750e+00   4.5616076e-01  -9.8379407e-01   9.9146399e-01   1.9528418e-01  -5.4381765e-01  -8.2211873e-03
  -7.4882192e+00  -3.6773047e-01   2.5136208e+00   1.2275178e+00  -6.0990216e-01   2.3399454e+00   9.5543715e-01  -7.8611919e-01   3.6358799e-02  -1.0360329e-01  -7.1188817e-01  -4.2388129e-03
  -8.1121998e+00   5.2768042e-01   2.8348675e+00   2.0536040e+00   6.1631179e-01   2.2712079e+00   1.4265897e+00  -2.0841813e-01   9.9723900e-01   1.1159141e-01  -7.6737012e-01  -2.3022742e-01
  -6.3215928e+00  -1.4323260e+00   7.5945415e-01   1.6992251e-01   1.6554434e+00   7.4307990e-02   8.5591446e-02  -1.1062831e+00  -1.2622246e+00  -8.9596977e-01   3.7005092e-01   1.0233470e-01
  -7.3706597e+00  -1.0821540e+00   1.2747025e-01  -2.1168470e-01   8.8794428e-01  -2.6597739e-01  -1.6498460e-01  -1.0337009e+00  -4.5212174e-01  -1.7544355e-01   1.6060390e-01   5.3532019e-01
  -8.3898532e+00  -2.4192818e+00   3.2649881e-02  -9.4668617e-03   1.4215443e+00   1.5606948e-01   4.1767025e-01  -8.2712357e-01  -6.2938162e-01   7.1231055e-02   4.8908545e-01   7.5398517e-01
  -8.4420408e+00  -2.2257815e+00  -1.3374339e-02  -2.3627068e-01   8.2147258e-01   3.1952029e-01   4.3182526e-01  -9.7722160e-01   1.1750312e-01   6.8426563e-01   7.3576993e-01   3.5552800e-01
  -7.6928506e+00  -2.3043684e+00   1.2124344e-01   2.8071681e-01   1.8639196e+00   4.8728309e-01   2.4186874e-01  -1.0227432e+00  -3.8994849e-01   4.2314611e-01   6.2834550e-01   2.0825121e-01
  -7.5620190e+00  -2.3234740e+00  -2.7276267e-02  -5.4231467e-01   1.0903575e+00   2.6125688e-01   9.6286248e-01  -1.1651678e+00  -2.9466977e-01   1.3183986e-01   6.5261972e-01   7.0846185e-01
  -6.8033198e+00  -2.1079854e+00   2.9224986e-01  -6.2186409e-02   1.1692713e+00   2.5964119e-01   5.6835376e-02  -9.5589726e-01  -5.7689821e-01   2.8659284e-01   8.4394239e-01   9.4020564e-01
  -6.2947921e+00  -1.3956686e+00  -4.9395798e-01   3.9911869e-01   5.8366141e-01   2.0505688e-01   2.4835075e-01  -1.1989353e+00   1.5427422e-01   9.2628284e-03   2.3388341e-01   6.2242969e-01
  -7.8360065e+00  -5.2576939e-01  -3.5928945e-01   1.2422278e+00   5.9925813e-01   7.4153470e-01   5.6560506e-01  -6.5837974e-01  -4.6751150e-02   3.9021008e-01   7.2416371e-01   7.5086751e-01
  -8.9338544e+00   9.9307506e-02   8.1913659e-01   1.1896249e+00   7.7932521e-01   5.5507394e-01   6.3510422e-01  -5.8416544e-01   2.9380964e-01   2.1161785e-01   4.1247125e-01   6.2058679e-01
  -1.0856829e+01  -4.4789791e-01   1.5097221e+00   2.3431967e+00   1.1655332e+00   3.0084269e-01   2.7033394e-01  -5.1394915e-01   2.4416953e-01   5.2472788e-01   9.4122670e-01   9.8219727e-01
  -1.2026847e+01  -1.9928042e-01   8.3465282e-01   2.9298785e+00   1.6094105e+00   1.0415374e+00   8.9277772e-01  -8.3629061e-02   8.0390293e-01   3.8911927e-01   3.2589874e-01   7.0214657e-01
  -1.1830970e+01  -6.9314108e-01   2.2282335e+00   2.5202463e+00   1.8883065e+00   1.0614155e+00   9.5313820e-01  -4.4696339e-01   8.8101588e-01   6.5468353e-01  -2.4462181e-01   3.0136183e-01
  -1.1930140e+01  -1.0101842e+00   2.0679695e+00   2.5005387e+00   1.8213288e+00   1.1107778e+00   1.0566864e+00  -2.2358707e-01   8.9624765e-01   4.2024454e-01   1.2681311e-01   4.8037589e-03
  -1.1855000e+01  -1.2899796e+00   1.6704561e+00   2.3046209e+00   1.1315031e+00   6.5653620e-01   7.9275183e-01  -5.8264703e-01   2.4634321e-01   3.5267925e-01   1.0899149e-01  -5.2137178e-02
  -1.1263975e+01  -1.1517646e+00   1.9386457e+00   2.9161092e+00   1.6968652e+00   1.3322338e+00   1.2304829e+00  -5.5206704e-01   6.4636192e-01   2.1567680e-01  -5.7518102e-01  -4.9271398e-01
  -1.1080061e+01  -9.2078752e-01   1.3655191e+00   1.9985728e+00   1.4074715e+00   9.4816339e-01   1.0505445e+00  -7.5349094e-02   3.0181994e-01  -1.0978054e-01  -5.1012550e-01  -2.7153393e-01
  -1.1510894e+01  -1.2544930e+00   1.8408383e+00   2.0492785e+00   8.3799351e-01   6.0730283e-01   8.3501537e-01  -2.0111318e-01   1.2116050e+00   8.1056461e-01  -2.0676926e-01  -3.3691896e-01
  -1.0964414e+01  -6.3984799e-01   2.1722187e+00   2.5672006e+00   1.4360531e+00   8.7075036e-01   1.0327983e+00  -5.7433514e-01   5.3226700e-01  -1.9844743e-02  -4.5463712e-01  -6.4838224e-01
  -1.0866212e+01  -7.2552699e-02   2.6858590e+00   2.3116004e+00   8.1253561e-01   4.5593844e-01   1.3760962e+00  -1.4275320e-01   5.5871418e-01   3.4693813e-01  -3.4181120e-01  -6.2191670e-02
  -9.8109226e+00   6.7390525e-01   3.2579819e+00   2.2409378e+00   8.9017120e-01   6.2722502e-01   1.2715600e+00  -2.4480917e-01   5.2353861e-01  -1.0944198e-01  -1.3754820e-01  -1.2448929e-01
  -1.0141396e+01  -9.4819224e-03   2.1653979e+00   1.9007952e+00  -4.5903115e-02   4.5315770e-01   1.0715478e+00  -4.1506596e-01   5.0914742e-01   2.1619760e-01  -5.7064123e-02   4.9143151e-01
  -9.2099017e+00   5.6073965e-01   2.4948615e+00   2.0426185e+00   4.5168581e-01   1.0866589e+00   7.4685320e-01  -1.4866882e+00   3.0808812e-01   2.4405862e-01  -3.3577786e-01  -5.5813885e-01
  -1.2273593e+01  -1.1914311e+00   2.8911068e+00   1.6281272e+00   1.4848059e-01   1.4530848e+00   1.1599048e+00  -6.0190769e-01  -3.9605227e-02   3.6405870e-01  -3.8175540e-02   2.0946343e-01
  -9.7921235e+00   1.0695062e+00   2.7183253e+00   1.2015415e+00   1.6583421e+00   1.0525223e+00   5.9377327e-01  -2.3180104e-01   2.2513414e-01   6.6219621e-01   1.5652751e-01  -2.4039427e-01
  -8.9812493e+00   9.3532015e-01   2.1615251e+00   1.5462377e+00   1.0415467e+00   1.6380478e+00   1.5430379e+00  -3.9299456e-01   7.0199540e-01   3.9521522e-01   2.3324146e-01   2.8380886e-01
  -7.6513531e+00   6.0761779e-01   1.3409021e+00   1.3685281e+00   6.7736453e-01   2.3501096e+00   1.6803793e+00   4.1334099e-01   1.4461072e+00   8.8261385e-01   4.7515070e-01   3.5598981e-01
  -7.0279214e+00   1.5217493e+00   2.1496146e+00   1.4818727e+00   1.9210473e-01   1.8875914e+00   8.9570448e-01  -8.3286623e-01   5.4281522e-01  -4.5605317e-01  -7.4948695e-01   2.1487750e-01
  -7.4511397e+00   3.3657105e-02   2.2998221e+00   2.3824369e+00   3.2614505e-01   1.9132537e+00   6.4608195e-01  -1.5363101e-01   1.0946765e+00   6.4169452e-01  -1.6273091e-01   3.6775414e-01
  -7.1293598e+00   9.7613287e-01   2.4526767e+00   2.2578869e+00   4.7482043e-01   2.0576301e+00   9.0077083e-01  -3.4083899e-01   1.0293378e+00   1.2825041e-01  -1.8276061e-01   8.8657650e-01
  -7.8399121e+00   5.3485205e-01   2.0376005e+00   2.0426731e+00   7.3840804e-01   1.5606337e+00   4.9801094e-01  -5.9206404e-01   7.4874678e-01   7.0163218e-01   3.1269046e-01   7.8494761e-01
  -7.9105708e+00   1.4577663e-01   2.1714515e+00   1.9102125e+00  -2.2852601e-01   1.7022720e+00   7.5800262e-01  -2.0627178e-01   1.0619705e+00  -8.8064317e-02  -2.4386095e-01   1.6659636e-01
  -7.8709866e+00  -6.1007012e-01   1.2961682e+00   1.8656237e+00   9.3297078e-01   1.6407320e+00   4.5460360e-01   2.9685464e-01   1.0889464e+00   4.9792604e-01   2.1232858e-01   1.5015548e-01
  -8.5632285e+00  -1.2847928e+00   6.2752539e-01   1.8992360e+00   8.6298447e-01   1.6547557e+00   1.0627557e-01  -9.0589329e-01  -3.7847101e-02  -3.5692162e-01  -4.7177515e-01  -7.2402101e-03
  -7.6187816e+00  -4.0369039e-01   1.1001115e+00   1.2387970e+00   7.3539127e-01   1.3484284e+00   3.9394597e-01   2.5431357e-02   5.0788675e-01  -4.2943176e-01  -4.7942234e-01  -2.6223109e-01
  -8.9038098e+00  -4.8355643e-01   1.5510191e+00   1.7759740e+00   1.6511602e+00   1.1637718e+00   9.6207873e-01   3.9031672e-02   1.1887664e-01   5.4489345e-02  -1.3713858e-01   3.3543317e-01
  -8.7666015e+00  -5.5758684e-01   1.3894343e+00   1.7507242e+00   1.3368250e+00   7.2825622e-01   1.0109410e+00   3.8552513e-01   8.2858600e-01   6.7214638e-01   4.1141498e-01   4.6299936e-01
