  -5.5685655e+00   1.6154294e-01  -6.9643775e-02   1.0237220e+00   5.5806939e-01   1.6594082e+00  -1.9214563e-01   2.2081860e-01   1.1824531e+00   1.9074013e-02  -5.5324236e-02   1.3187874e+00
  -4.5833268e+00  -1.7289975e-02  -4.7950704e-01   1.2861204e+00   1.1221852e+00   2.1499201e+00   6.4908485e-01  -3.0885216e-02   5.9391632e-01  -8.0304915e-01  -5.1819843e-01   1.4457007e+00
  -4.6291598e+00  -1.0499632e-01  -3.6209318e-01   2.0652832e+00   1.1858970e+00   1.8845719e+00   5.5455819e-01  -8.4594944e-02   5.8107173e-01  -1.4746825e+00  -1.1411286e+00   1.0316517e+00
  -4.7641862e+00  -3.5292387e-01  -3.5149744e-01   1.3926066e+00   8.7096065e-01   1.4455225e+00   2.6616738e-01   7.8958025e-02   8.9629403e-01  -9.4560181e-01  -7.8621941e-01   1.1864335e+00
  -5.4866523e+00  -1.5969526e+00  -1.1050512e+00   1.0297224e+00   1.2224618e+00   1.8882314e+00   3.8026867e-01   1.7801588e-01   1.1288126e+00  -9.8108553e-01  -5.3133722e-01   1.5033870e+00
  -5.0523330e+00  -9.1668967e-01  -2.3407378e-01   1.1216594e+00   5.7348968e-01   9.1648019e-01  -9.1952609e-02   1.8130115e-01   1.5056549e+00  -6.0740871e-01  -5.6334123e-01   1.5347764e+00
  -6.2903965e+00  -1.3610494e+00  -1.3014849e-01   1.4358365e+00   7.0732185e-01   1.2453948e+00   2.5634328e-01   2.1193827e-02   1.3016413e+00   1.2480214e-01  -6.0607183e-02   9.4421021e-01
  -6.7157671e+00  -8.7980237e-01   7.4578294e-01   1.8292524e+00   9.0457504e-01   1.4674678e+00   3.3162308e-01   2.9143159e-01   1.1402709e+00  -5.9593677e-01  -4.4103512e-01   1.1169106e+00
  -5.9458478e+00   7.0302653e-01   1.4138182e+00   1.9328720e+00   1.1856784e+00   1.4422272e+00   4.1567375e-01  -4.5984115e-02   1.2038732e+00  -2.3643998e-01  -4.3834588e-01   1.1438542e+00
  -5.4447178e+00   1.8824896e+00   2.0317535e+00   1.7267852e+00   1.1845832e+00   1.8124471e+00   1.1959170e+00   1.9956427e-01   1.5408698e+00   6.1860396e-01   2.4120799e-01   5.5244561e-01
  -6.3417265e+00   1.3365087e+00   2.2578807e+00   1.7509211e+00   1.0848914e+00   2.4069630e+00   3.7910180e-01  -6.1644291e-01   3.9356775e-01  -2.7649795e-01   1.0356053e-01   1.0184976e+00
  -7.4471975e+00   4.1438514e-01   1.3342248e+00   1.2654743e+00   5.7684199e-01   2.7247245e+00   5.1772950e-01   4.8692404e-02   8.4124589e-01   2.7369322e-02  -1.2130720e-02   6.9874640e-01
  -6.5101173e+00   7.0994241e-01   1.9504287e+00   1.7669679e+00   1.0203970e+00   2.8319509e+00   1.9139260e-01  -5.0888269e-01   9.7793539e-01  -1.5599383e-01  -5.5912567e-01   2.2763848e-01
  -4.3540451e+00   1.6233060e+00   6.4567627e-01   6.5345366e-01   3.6480210e-01   2.2257635e+00   6.6325302e-01   7.3810960e-01   1.9210819e+00   3.5220784e-01  -1.7875345e-01   4.4607821e-01
  -5.8588321e+00   3.1497404e+00  -6.8500004e-01   4.6206953e-01  -1.0120632e+00   2.0250075e+00   1.0352608e+00   1.0240429e+00   1.3702961e+00   1.7018448e-01  -5.4991260e-01   8.5767102e-02
  -1.2708235e+00   3.4477267e+00  -2.5900961e-01   4.3027877e-01  -1.1212236e+00   2.5514029e-01   4.2454484e-01   6.7015547e-01   8.7180520e-01  -2.1257479e-01  -4.9626755e-01  -6.3661107e-02
  -2.4356278e+00   1.8649681e+00  -3.2064919e-01   1.0238120e+00  -8.9314592e-01   1.4956871e-01   2.7855273e-01   6.0644431e-01   1.6668464e+00   4.7822739e-01  -5.3727878e-01   3.7674929e-01
  -2.3880058e+00   1.6189550e+00   1.4010330e+00   9.6922372e-01  -9.4940449e-01   1.8426762e-01   3.2894789e-01   7.2886902e-01   1.2675251e+00  -5.4140743e-01  -1.0191675e+00   8.5673184e-02
   1.9959330e+00   4.1157083e-01   1.0539830e+00  -3.4167608e-01  -1.8587193e+00  -1.2514698e+00   3.3606594e-01   8.1797899e-01   7.5546340e-01  -7.6116137e-01  -3.0314059e-01   5.8648340e-01
   1.8058598e+00  -3.7927958e-02   1.0293443e+00   4.8053497e-01  -1.3559294e+00  -4.5381919e-02   8.2444187e-01   5.9137258e-01   2.6253185e-01  -1.2821621e+00  -3.0838677e-01   6.4448188e-01
   8.7593474e-02   2.0437127e+00   1.0653168e+00   4.5767590e-01  -8.0232352e-02  -3.8302536e-01   4.5393701e-01   2.8913672e-01   3.3852289e-01  -4.2880097e-01  -9.9568652e-02   2.3689346e-02
   2.5928652e-01   1.7484203e+00   1.0224764e+00   7.4808057e-01  -1.2798863e+00  -4.3002098e-01   6.9326028e-01   3.6827460e-02  -7.5789930e-02  -3.0735583e-01  -2.5445834e-01   4.9766284e-01
   2.6935904e-01   2.4985805e+00   6.4871635e-01   4.9007535e-01  -1.4078765e+00   3.6770787e-01   7.5388444e-01   8.0478588e-01   7.0854111e-01  -6.7226608e-02  -3.0494869e-01   2.7700817e-01
  -2.2302145e+00  -8.9950161e-01   1.4257382e+00   1.0144427e-01  -7.2641451e-01  -6.1425645e-01   2.4837890e-01  -5.4717573e-02   6.4705826e-02  -1.6446643e+00  -7.7000722e-01   7.8974169e-01
   8.8789128e-01   4.3026805e-01  -3.2574630e-01  -3.0443645e-01  -1.3152068e+00  -1.0903511e+00   1.0999749e-01  -1.3807566e-01   6.7139664e-01  -1.1521063e+00  -8.1961388e-01   7.7487759e-01
   5.2494571e-01   1.1691617e+00  -1.1129769e-01  -8.9860718e-01  -1.2009366e+00  -1.6722117e+00  -3.3127369e-02   3.1957606e-01   5.9294137e-01  -1.3910441e+00  -1.0014761e+00   2.7578054e-01
   7.4825231e-01   1.7697666e+00   5.7109137e-01  -1.1870229e-01  -4.7057829e-01  -5.7673305e-01  -6.8399108e-01   3.6569140e-01   5.7731582e-01  -8.5759659e-01  -4.3565724e-01  -7.6823074e-02
   1.6052440e+00   1.1459336e+00   6.6905760e-01   7.7973122e-01  -4.0456292e-01  -1.4313096e-01  -3.9293573e-01   2.7561218e-01   4.5481573e-01  -9.7025540e-01  -4.4948552e-01   1.5867846e-01
   2.0852866e+00   8.5800035e-02   2.6908913e-01   1.0298597e+00  -6.0904752e-01   1.0617755e-01  -8.4530993e-02   8.8614105e-01   7.1307666e-01  -8.5079393e-01  -5.4620090e-01  -5.1066306e-01
   1.7213136e+00  -8.7027491e-01   2.8621776e-01   9.5494211e-01  -3.5010712e-01   1.0626962e+00  -3.4247410e-01   9.7014693e-01   4.0465338e-01  -6.0097603e-01  -7.2215125e-01  -2.0765312e-01
   2.0781943e+00  -1.0015245e+00   5.8031094e-01  -2.0783547e-01  -8.4751385e-01  -1.2371598e+00   1.9703825e-01   1.0417024e+00   9.5556847e-01  -1.0502906e+00  -8.3790413e-02   7.2817123e-01
   1.4530361e+00  -1.5208610e+00   7.0754495e-01  -3.9013406e-01  -5.4586076e-01  -1.4074933e+00   7.1237750e-01   1.2382423e+00   4.0474310e-01  -1.2343313e+00  -7.3844889e-01   6.0670766e-01
   1.1444537e+00  -1.4768467e+00   7.1670245e-01   3.5508852e-01  -1.1960391e+00  -7.9247819e-01   1.3530753e+00   4.3002182e-01   2.3752686e-01  -1.5398534e+00  -2.0750317e-01   1.0148946e+00
   9.0052773e-01   2.6904050e-01   2.5343260e-01   1.3878349e+00  -2.2350836e-01  -5.2292230e-01   1.1794293e+00   9.6711047e-01   1.6588488e+00  -4.4740847e-01  -6.1023408e-01   3.1600690e-01
   9.8771849e-01   4.5646271e-01   2.1349911e-01   1.2018514e+00  -1.0920711e+00  -6.8804553e-01   1.0749140e+00   1.0334112e+00   9.5219282e-01  -4.6456227e-01  -4.6752341e-01   2.7153798e-01
   9.8828137e-01   6.9761993e-01  -5.9399153e-01   1.4606068e+00  -9.9671057e-01  -2.8563048e-01   9.3289907e-01   1.1938319e+00   1.5353577e+00  -2.0406441e-01  -7.3708785e-01   7.3169761e-01
  -3.4256323e+00  -9.3305081e-01   1.0387708e+00  -1.6362867e-01  -2.6293483e-01   9.5499876e-01   1.0716770e+00  -6.1653618e-01   6.2770717e-01   4.6031878e-02   7.3261204e-02   1.7276839e-01
  -1.7501310e+00   6.2785797e-01   1.6276492e+00   8.6594248e-01   4.0294859e-01   4.2252590e-01   2.9986264e-01  -6.5442725e-01   1.3498509e-01  -3.6352036e-01   2.5790157e-01   4.4064854e-01
  -2.1556266e-01  -2.4667839e+00   1.3572277e+00   1.5481315e+00   2.2033035e+00  -1.0113411e+00  -4.5617923e-01  -1.5746429e+00  -3.5805540e-01  -4.3355068e-01   5.7972239e-01   4.8045542e-01
   2.5808642e-01  -3.2340168e+00   1.5068970e+00   1.3473282e+00   2.7681525e+00  -1.2020238e+00  -6.0243070e-01  -1.0865191e+00  -1.4632477e-01  -3.0933421e-01   4.6137703e-01   1.5330090e-01
  -6.5354487e-01  -2.6676541e+00   1.0044072e+00   1.4507254e+00   2.4088030e+00  -1.0703126e+00  -8.6069064e-01  -7.6245388e-01  -1.9724531e-01  -6.4393099e-03   9.4151611e-01  -2.0608243e-01
  -2.9512841e-01  -2.9897643e+00   1.0060787e+00   1.7614943e+00   2.3551032e+00  -1.1251242e+00  -1.1095649e+00  -1.1406121e+00  -3.5670917e-02  -1.4926737e-01   1.1431297e+00   8.4599112e-02
   3.2256327e-01  -2.9519261e+00   5.9980998e-01   1.7348770e+00   2.4527211e+00  -1.0574329e+00  -7.1298362e-01  -9.2180226e-01  -1.7294236e-01  -5.0953786e-02   9.0435283e-01  -1.3432099e-01
  -1.1225607e-01  -2.6581588e+00   8.9864835e-01   1.2425705e+00   2.7013177e+00  -1.1388387e+00  -8.3972358e-01  -1.2322276e+00  -4.5175647e-01  -5.7660481e-02   9.3074292e-01   5.6846373e-02
   7.9792255e-01  -2.8464008e+00   7.7935313e-01   9.1921731e-01   2.9039891e+00  -1.5280553e+00  -8.9254302e-01  -1.3069239e+00  -4.9012914e-01  -1.0267151e-01   5.8175596e-01   1.5175340e-01
   1.6986308e-01  -2.8122131e+00   9.1920514e-01   6.2577670e-01   3.2016826e+00  -1.5580758e+00  -2.9853063e-01  -1.0665322e+00  -2.6770192e-01  -2.3865076e-01   8.4246557e-01   2.4859885e-01
   2.7145248e-01  -2.6764795e+00   6.6138263e-01   8.5964928e-01   2.8172158e+00  -1.3510628e+00  -6.5367133e-01  -9.4829166e-01  -9.1610604e-01   2.1084300e-01   1.0391721e+00   2.1680202e-01
   9.5787577e-01  -1.7466231e+00   2.0791729e-01   4.4766648e-01   3.6261314e+00  -1.7392191e+00  -3.7708944e-01  -6.0820739e-01  -4.8749255e-01   3.5934568e-02   1.0942653e+00   2.3769673e-01
   2.4705779e-01  -6.6084799e-01   2.7736094e-01   4.2593480e-01   2.9989375e+00  -1.2751101e+00  -4.6348536e-02  -4.6799485e-01  -3.5792943e-01   4.9065533e-01   1.2549015e+00   3.6323564e-01
   1.1747420e-01  -6.1452645e-01   7.0719700e-01   6.1945430e-01   2.8445239e+00  -8.4677122e-01  -4.9693839e-01   1.3224156e-01  -8.9011885e-01  -1.7058630e-01   9.8257176e-01   7.7128633e-01
  -4.0948279e-01  -1.8023595e-02   7.8376804e-01   1.6312756e+00   2.8429933e+00  -4.6449250e-01   8.2091055e-02  -6.0908108e-01  -1.1501479e+00   5.8251919e-01   7.4892320e-01   7.8911440e-01
  -8.6115448e-01  -4.9153564e-01   6.7059955e-01   1.5136046e+00   2.5123332e+00   2.2804084e-01   3.3945162e-01  -7.1126203e-02  -2.7174541e-01   1.0278529e+00   6.2280629e-01   7.3490964e-01
  -2.8240488e+00  -1.8476675e+00   9.5295516e-01   8.5448236e-01   1.3881076e+00   5.6110749e-01  -2.1557371e-01  -6.1528257e-01  -1.1027260e+00   4.7620929e-01   8.1650759e-01   1.0568156e+00
  -5.9275942e+00  -1.8954872e+00   1.2988156e+00   8.7105880e-01   1.3179213e+00   6.9451540e-01  -1.1540456e-01  -5.6454165e-01  -5.0496950e-01   1.6406586e-02   4.0765156e-01   6.9809033e-01
  -6.8658642e+00  -1.6551537e+00   1.4560974e+00   1.0357005e+00   1.2778669e+00   4.7086666e-01  -1.5729274e-01  -2.4991895e-01  -2.9997687e-02   5.9205673e-01   8.9633500e-01   7.2518624e-01
  -6.7033858e+00  -2.6875070e+00   6.8706161e-01   7.4695604e-01   2.2549097e+00   1.1641929e+00   7.0258341e-01  -7.3660423e-01  -3.2105438e-01   4.8209887e-01   1.0969420e+00   6.1781133e-01
  -6.2077522e+00  -2.5779114e+00   1.4539332e-01   7.1945771e-02   1.8893200e+00   1.0531102e+00   6.1102596e-01  -6.4873896e-01  -5.2187167e-01   3.2055500e-01   1.0075749e+00   6.4006118e-01
  -4.9631050e+00  -2.0373971e+00   5.4570697e-01   6.1360646e-01   1.3643088e+00   1.0427525e+00   3.9499442e-01  -1.3373292e+00  -4.8950688e-01   9.4745189e-01   1.5802454e+00   1.0605998e+00
  -4.7596191e+00  -2.0470663e+00   5.0350249e-01   8.2332276e-01   1.5069046e+00   1.1970631e+00   2.7641435e-01  -1.3213723e+00  -7.8961751e-01   4.4349778e-01   1.1051015e+00   1.1244870e+00
  -2.9592262e+00  -5.9772660e-01  -3.9657758e-01   1.2892139e+00   6.6239367e-01   1.3939124e+00   1.7000303e-01  -1.0013764e+00  -3.2708886e-01   9.1297177e-01   1.2462100e+00   1.1531090e+00
  -4.9992169e+00  -4.0467907e-01  -9.5225253e-01   8.7703974e-01   5.1533655e-01   1.1207978e+00  -2.6304781e-01  -1.5372985e+00  -5.7811383e-01   7.4226232e-01   9.3101023e-01   8.7004999e-01
  -4.6103239e+00   8.7099925e-01  -6.1293840e-01   1.8003328e+00   1.2583160e+00   2.3493067e+00   5.5136241e-01  -7.5170146e-01  -1.0002485e-01   5.7582518e-01   5.9215528e-01   1.0648718e+00
  -4.8936191e+00   1.9378552e+00  -7.3653618e-01   2.0703398e+00   1.9408708e+00   1.9598496e+00   7.8292625e-01  -1.6142338e-01   2.9963039e-01   5.1834834e-01   3.2002491e-01   1.0921958e-01
  -1.0774437e+01   1.1166087e-02   3.5714809e+00  -7.1125088e-01   1.6263761e+00   1.6891953e+00   7.4100199e-01  -6.8943773e-01   6.3014834e-02   1.7922872e+00   2.0099262e-01  -3.9212843e-01
  -7.5883254e+00  -2.6596646e-01   2.2728673e+00   1.8310577e+00   7.5714181e-01   1.5663387e+00   2.3353298e+00  -5.4686880e-01  -3.4034707e-01   1.5956566e+00   6.1452742e-01   1.4991104e-01
  -8.8073823e+00  -6.9773367e-01   3.0496236e+00   2.0734092e+00   3.8617968e-02   2.8549667e-01   1.8992530e+00   3.8268230e-02  -2.4273326e-01   1.1183105e+00   7.6316170e-01  -2.6739256e-01
  -6.4243507e+00  -2.2366476e-01   2.7085546e+00   3.6198259e+00  -3.1537802e-01   6.3666817e-01   2.2757294e+00   3.1791477e-02  -8.2903283e-01   2.3836376e-01   5.9930875e-01   8.1645679e-02
  -5.5460409e+00   5.9262432e-02   2.1261932e+00   3.6987140e+00  -2.9304052e-01   1.0707427e+00   2.4722044e+00   2.4873988e-01  -6.6178870e-01   6.1102852e-01   6.0614893e-01   2.5803578e-01
  -5.4141963e+00   6.7232154e-01   2.3749681e+00   3.9721193e+00  -1.8808017e-01   6.6909638e-01   1.4489493e+00  -8.2493269e-01  -5.0192708e-01   1.0494831e+00   2.0167041e-01  -7.8013747e-02
  -5.5341323e+00   4.4924541e-01   1.5773489e+00   2.8414809e+00  -8.1047915e-01   5.9128498e-01   1.4888671e+00  -6.6380439e-01  -8.6277585e-01   1.7025987e-01   2.4132483e-01   3.1387058e-02
  -6.0755085e+00   7.2661269e-01   1.0488791e+00   2.4579140e+00  -9.6541308e-01   5.3642669e-01   1.9351548e+00   2.3553106e-01   4.0839833e-02   2.0451893e-01  -3.1598215e-01   6.3183918e-02
  -6.0941494e+00   1.1805460e+00   1.4241581e+00   2.1615286e+00   2.0939448e-01   1.7632222e+00   1.2795790e+00  -3.7256955e-01   9.3438150e-01   8.8099044e-01  -6.2392798e-01  -4.2085586e-02
  -6.2273343e+00   9.1415085e-01   1.2713099e+00   2.2412624e+00   3.7215503e-01   1.9229693e+00   9.9629006e-01  -1.9878171e-02   6.8732225e-01   5.0798583e-01  -4.3424137e-01   3.0012216e-01
  -6.4804645e+00   2.1633433e-01   1.4247322e+00   2.0791794e+00   4.0798604e-01   1.7658107e+00   1.2098596e+00   2.3279837e-02   1.2446140e+00   3.0783072e-01  -6.8197911e-01   1.9136408e-01
  -6.4087966e+00   4.5379420e-01   1.6457057e+00   1.5606997e+00   3.8474663e-01   2.7511777e+00   1.4169274e+00   7.1891548e-02   7.7973863e-01   2.3430497e-01  -2.6673462e-01   5.1263278e-01
  -6.2805882e+00   9.1300658e-01   1.4918602e+00   7.7365920e-01  -6.4491601e-02   2.3174037e+00   1.1196689e+00  -3.1718624e-01   4.3751563e-01  -1.7085182e-01  -2.8091561e-01   7.1375879e-01
  -5.3143308e+00   1.1347018e+00   1.1975622e+00   1.5306471e+00   7.4676184e-01   2.3589708e+00   1.4731308e+00  -4.2549862e-01   5.4046644e-01   4.9614047e-01  -1.2069207e-01   3.9127001e-01
  -8.4453204e+00  -7.0807471e-01   1.7457870e+00   2.2296729e+00   1.7609634e-01   1.7000145e+00   1.0887413e+00   1.8665295e-01   7.4681238e-01   4.4723364e-02   8.3701751e-03  -2.1640730e-02
  -9.4561836e+00   1.4668273e-01   2.4517462e+00   1.9995849e+00   1.0067914e+00   1.6886714e+00   1.2700417e+00  -7.3084013e-02   3.2681933e-01   5.8902532e-01   5.0689510e-01   3.8735939e-01
  -8.8835904e+00  -1.8265427e-01   1.6358944e+00   1.4298972e+00   5.1261353e-01   1.2718889e+00   1.2855820e+00   2.9721046e-01   9.5866214e-01   5.2188650e-01   4.8903666e-01   3.5285598e-01
  -5.9400663e+00  -3.7344970e-02   1.2161433e+00   1.8073418e+00  -2.3822788e-01   9.6921310e-01   9.8252123e-01   3.1735534e-01   7.1438573e-01   1.8383325e-01   4.0666051e-01   6.6739611e-01
  -5.8343301e+00  -4.9298709e-02   1.5667361e+00   2.1603557e+00   7.4712630e-01   1.7258819e+00   1.5460039e+00   1.9134903e-01  -3.9221109e-01  -1.4032594e+00  -2.0828563e-01   1.1331309e+00
  -9.7921235e+00   1.0695062e+00   2.7183253e+00   1.2015415e+00   1.6583421e+00   1.0525223e+00   5.9377327e-01  -2.3180104e-01   2.2513414e-01   6.6219621e-01   1.5652751e-01  -2.4039427e-01
  -8.9812493e+00   9.3532015e-01   2.1615251e+00   1.5462377e+00   1.0415467e+00   1.6380478e+00   1.5430379e+00  -3.9299456e-01   7.0199540e-01   3.9521522e-01   2.3324146e-01   2.8380886e-01
  -7.6513531e+00   6.0761779e-01   1.3409021e+00   1.3685281e+00   6.7736453e-01   2.3501096e+00   1.6803793e+00   4.1334099e-01   1.4461072e+00   8.8261385e-01   4.7515070e-01   3.5598981e-01
  -7.0279214e+00   1.5217493e+00   2.1496146e+00   1.4818727e+00   1.9210473e-01   1.8875914e+00   8.9570448e-01  -8.3286623e-01   5.4281522e-01  -4.5605317e-01  -7.4948695e-01   2.1487750e-01
  -7.4511397e+00   3.3657105e-02   2.2998221e+00   2.3824369e+00   3.2614505e-01   1.9132537e+00   6.4608195e-01  -1.5363101e-01   1.0946765e+00   6.4169452e-01  -1.6273091e-01   3.6775414e-01
  -7.1293598e+00   9.7613287e-01   2.4526767e+00   2.2578869e+00   4.7482043e-01   2.0576301e+00   9.0077083e-01  -3.4083899e-01   1.0293378e+00   1.2825041e-01  -1.8276061e-01   8.8657650e-01
  -7.8399121e+00   5.3485205e-01   2.0376005e+00   2.0426731e+00   7.3840804e-01   1.5606337e+00   4.9801094e-01  -5.9206404e-01   7.4874678e-01   7.0163218e-01   3.1269046e-01   7.8494761e-01
  -7.9105708e+00   1.4577663e-01   2.1714515e+00   1.9102125e+00  -2.2852601e-01   1.7022720e+00   7.5800262e-01  -2.0627178e-01   1.0619705e+00  -8.8064317e-02  -2.4386095e-01   1.6659636e-01
  -7.8709866e+00  -6.1007012e-01   1.2961682e+00   1.8656237e+00   9.3297078e-01   1.6407320e+00   4.5460360e-01   2.9685464e-01   1.0889464e+00   4.9792604e-01   2.1232858e-01   1.5015548e-01
  -8.5632285e+00  -1.2847928e+00   6.2752539e-01   1.8992360e+00   8.6298447e-01   1.6547557e+00   1.0627557e-01  -9.0589329e-01  -3.7847101e-02  -3.5692162e-01  -4.7177515e-01  -7.2402101e-03
  -7.6187816e+00  -4.0369039e-01   1.1001115e+00   1.2387970e+00   7.3539127e-01   1.3484284e+00   3.9394597e-01   2.5431357e-02   5.0788675e-01  -4.2943176e-01  -4.7942234e-01  -2.6223109e-01
  -8.9038098e+00  -4.8355643e-01   1.5510191e+00   1.7759740e+00   1.6511602e+00   1.1637718e+00   9.6207873e-01   3.9031672e-02   1.1887664e-01   5.4489345e-02  -1.3713858e-01   3.3543317e-01
  -8.7666015e+00  -5.5758684e-01   1.3894343e+00   1.7507242e+00   1.3368250e+00   7.2825622e-01   1.0109410e+00   3.8552513e-01   8.2858600e-01   6.7214638e-01   4.1141498e-01   4.6299936e-01
