  -7.4865613e+00  -9.1381048e-02   9.3264091e-01   1.0005552e+00   2.0729705e-01   1.9277722e+00   5.4247182e-01  -3.7599124e-01   1.2503840e-01  -4.5769098e-01  -2.2053450e-01   8.0270004e-02
  -6.6866041e+00  -4.7576520e-01   1.0075776e+00   1.3753156e+00   1.3957000e-01   1.5697635e+00   4.7771901e-01  -9.4254412e-01   2.2933861e-01  -1.5506964e-01  -1.4849023e-01  -1.6173049e-01
  -6.6903433e+00  -5.5455159e-01   1.3028199e+00   1.5151977e+00   7.1625808e-01   2.6055191e+00   1.5280199e+00  -1.6666778e-01   9.5226251e-02  -2.9741982e-01  -4.3369597e-02   8.8585744e-02
  -5.7329896e+00  -1.2955338e-01   1.4807273e+00   1.8096082e+00   1.9736389e-01   1.9452795e+00   1.2997543e+00  -3.4516916e-01   3.5055701e-01  -1.7850194e-01   2.6790693e-01   2.4842378e-01
  -5.5080337e+00   1.3160294e-01   6.1138260e-01   1.8217312e+00   2.5884036e-01   2.4102206e+00   1.1427020e+00  -1.6509423e-01   2.7360611e-01  -3.9144174e-01  -3.1629199e-01  -4.4034520e-01
  -6.0645646e+00  -3.7858735e-01   1.2566956e-01   1.4314963e+00  -3.1893298e-01   1.7234744e+00   1.3360232e+00  -6.9178433e-01   8.5868995e-01  -1.3865876e-02  -4.5319857e-01  -1.2850934e-01
  -6.5598050e+00  -5.8719595e-01   4.9148349e-01   1.8634809e+00  -1.9243026e-01   1.9003608e+00   2.2602121e+00  -6.8035234e-02   1.6741655e+00   5.7620924e-01   3.7619888e-01   5.4745791e-01
  -4.6195641e+00  -2.1760584e+00   7.9617953e-01   2.0844768e+00   1.6076731e-01   2.1916675e-01   4.0033015e-01  -3.6303442e-01   3.6949693e-01  -2.6995540e-01   2.8262830e-01   1.1121368e+00
  -3.8363367e+00  -2.3490162e+00  -2.3429256e-01   1.7840429e+00   3.3766389e-01   1.5661151e+00   6.5790340e-01  -6.4241079e-02   8.5268570e-01  -2.2210735e-02   4.0563088e-01   3.8814829e-01
  -3.1500440e+00  -2.2366354e+00  -1.1850184e+00   1.0355357e+00   2.9714845e-01   1.8039884e+00   3.0490556e-01   1.1774595e-01   6.5581111e-01  -7.1984645e-01  -7.2676975e-02   1.0406068e+00
  -3.2810454e+00  -1.2774060e+00  -1.3803416e+00   1.2472174e+00   5.6180645e-01   2.1858561e+00   9.2784334e-01  -5.0913982e-01   2.7230647e-01  -6.1055633e-01  -1.2738286e-01   1.3069230e+00
  -4.1665456e+00   1.3126366e-01  -7.4645618e-01   8.8153704e-01   8.5209255e-01   2.6208928e+00   1.8215040e+00   8.3250077e-02   7.4001606e-01  -1.6020217e-01  -5.8183361e-01   1.2214714e+00
  -6.6503631e+00   1.8439791e-01   5.7574464e-02   7.1722047e-01   6.5180818e-01   2.6004571e+00   1.3082500e+00  -8.6775599e-01   2.9392505e-01  -3.5889230e-01  -3.9612445e-01   1.1425472e+00
  -7.6934966e+00   4.8420598e-01   1.8038522e+00   1.9980519e+00   1.0247594e+00   2.3100189e+00   7.1401056e-01  -9.3580098e-01   2.3943775e-01  -5.0341921e-01  -4.7947701e-01   1.0381633e+00
  -9.7118758e+00   1.4680515e-01   2.7329899e+00   1.7547223e+00   1.6478560e-01   2.2275992e+00   1.9620550e+00  -3.0516196e-01   1.4133853e-01  -1.1321838e-01   3.1496838e-01   4.8444208e-01
  -1.0821933e+01  -4.1979840e-01   1.8247764e+00   1.2397281e+00   3.5664385e-02   1.1548453e+00   6.2916941e-01  -1.2147097e+00  -2.7007172e-01  -5.9393068e-01   3.5682620e-01   4.1019365e-01
  -1.0641811e+01  -3.7796202e-01   1.9802736e+00   1.5555331e+00   1.2546194e+00   1.9081561e+00   2.0487297e+00   1.3096502e-01   7.2932902e-01   3.6701909e-01   8.9756385e-01   6.8267775e-01
  -1.0997073e+01  -3.9379695e-01   1.9610204e+00   1.4098023e+00   7.6376504e-01   1.4048771e+00   2.0789635e+00   1.0404000e-01   7.3016096e-01   2.6472846e-01   1.0041698e+00   1.2564242e+00
  -1.0988656e+01  -2.8952847e-01   1.7661141e+00   1.5147524e+00   7.6101495e-01   8.4725686e-01   1.4693582e+00  -2.2557161e-01   1.2193145e-01  -5.7696725e-01   4.2464116e-01   4.6407025e-01
  -1.1998044e+01   2.3661346e-01   2.6312778e+00   2.0555615e+00   8.6207328e-01   9.3498659e-01   1.1692851e+00  -5.7789453e-01   2.3719129e-01  -1.4959041e-01   4.4975389e-01   3.9516961e-01
  -1.1294032e+01   5.9714719e-01   1.8863817e+00   1.9907899e+00   2.1609726e-01   4.1009536e-01   1.6133040e+00  -2.3990668e-01   3.3033360e-01  -3.3589368e-01   3.7264405e-02   1.6973571e-01
  -1.0557292e+01   3.6877216e-01   1.4674102e+00   1.4842557e+00  -1.5390454e-01   5.4634433e-01   1.7971233e+00   5.4944117e-01   6.0364610e-01  -2.4333113e-01   1.4394843e-01   9.0538256e-02
  -7.1889570e+00   2.6929625e+00   2.6546885e+00   1.4031981e+00  -1.2126969e+00   7.4735069e-02   1.6299568e+00   5.7555093e-01   5.3355419e-01  -1.8254802e-01  -4.3363489e-01  -9.2857118e-02
  -8.4601139e+00   1.6823414e+00   2.4083667e+00   1.8965312e+00  -4.4113685e-01   5.9176311e-01   9.9244045e-01  -5.5803499e-01   2.2421704e-01  -2.8866456e-01   3.2394404e-01   6.4979201e-01
  -5.6376466e+00   2.5440458e+00   2.7356594e+00   1.3664533e+00  -1.2338377e-01   1.0870866e+00   1.0023992e+00   4.3596258e-01   6.5105036e-02  -8.8956536e-01  -2.3244292e-01  -6.8519963e-01
  -5.8597013e-01   2.5141713e+00   2.0550504e+00   1.1863730e-01  -2.4446004e+00  -1.4696138e+00   8.8127339e-01   1.0199630e+00   1.1427915e+00  -8.7523842e-01  -5.5992746e-01  -4.7513285e-02
   8.0760002e-01   7.2045485e-01  -1.0709893e+00   9.5835413e-01  -2.4077231e+00  -4.0405374e-01   5.5555671e-01   1.4157789e+00   5.7228898e-01  -6.2204787e-01  -8.7769850e-01   7.5368804e-01
   5.8098013e-01   1.2341979e-01   2.9925775e-01   7.2638694e-01  -1.9164152e+00  -3.1066768e-01   6.5411313e-01  -1.3307637e-03   5.7341283e-01  -9.3182578e-01  -1.2865461e+00   1.2431024e+00
   8.7754268e-02   1.9132527e+00   1.4404261e-01   5.3816916e-01  -1.4283241e+00  -3.9942407e-01   7.4171043e-01   3.6273922e-01   3.7929007e-01  -5.4370109e-01  -4.9496725e-01   8.4582840e-01
  -1.7389595e-01   1.4208406e+00   8.5376527e-01   8.8166089e-01  -1.8091080e+00   7.6947933e-02   9.9130599e-01   8.3018070e-01   4.0848698e-01  -4.2077168e-02  -6.7693004e-01   2.0456208e-01
  -1.2431978e+00   1.4424193e+00   9.5082368e-01   9.6331417e-01  -2.3803239e+00  -5.0942630e-02   1.5067670e+00   5.4154186e-02   6.1948217e-01   4.7245353e-01  -8.2937232e-02   7.0909804e-01
  -1.8777279e-01  -7.2166040e-01   4.5060157e-01   8.5852009e-01  -1.7513701e+00  -6.8995715e-01   1.1444519e+00  -9.6279038e-01   4.7291307e-01  -1.3207403e+00  -1.0608058e+00   1.0262739e+00
   1.2173508e+00   1.0092774e-01  -1.6144626e+00   4.5047792e-02  -1.4454183e+00  -1.0476817e+00   4.5219352e-02  -9.0733751e-03   8.2551335e-02  -1.1124941e+00  -1.0347316e+00   5.1000842e-01
   1.2724325e+00   9.7327463e-01  -5.7744202e-01   9.0875818e-02  -3.9610373e-01  -1.0380344e+00  -1.6632834e-01   3.5166464e-01   1.6081103e-01  -1.2660567e+00  -6.1263953e-01   1.5178397e-03
   1.4309690e+00   7.0394662e-01   1.6131553e-01   7.3635667e-01  -5.8340977e-01  -6.5897721e-01  -2.6032214e-01  -3.6186344e-02   3.2576217e-01  -6.7508243e-01  -8.1461076e-01  -2.6886724e-01
   2.0439926e+00   3.8348524e-01  -1.7241891e-01   9.9017411e-01  -7.5542886e-01  -7.8230359e-01  -1.7502947e-01   4.2522547e-02   1.6949841e-01  -8.2133205e-01  -8.5251898e-01  -4.6288046e-01
   2.2116657e+00  -8.1371469e-02  -2.6607783e-01   4.5080840e-01  -1.2272717e+00  -1.1911601e+00  -1.1307643e-01   2.1856742e-01   7.3639721e-01  -7.8942325e-01  -4.4921874e-01  -3.5638611e-02
   1.7472906e+00  -1.3210045e+00  -7.6403681e-01   7.9561920e-01  -1.5864232e+00  -6.3865294e-01   7.3368492e-01   5.9205608e-01   8.1791205e-01  -1.2000173e+00  -2.1987650e-01  -2.4144914e-01
   1.1494895e-01  -6.8157281e-01   1.8764949e-01   9.6234291e-01  -1.1281586e+00   4.4054235e-02   7.7523598e-01  -2.2831497e-01   6.6358305e-01  -9.6478420e-01  -3.2085751e-01   5.5368190e-02
  -8.1527679e-01   8.8135680e-01   5.1727299e-02   1.2982528e+00  -6.5239330e-01  -1.6587553e-01   4.3443424e-01  -3.3055872e-01   9.8379801e-01  -1.5253085e-01  -2.8614531e-01  -1.0841007e-02
  -1.7123379e+00   9.2626278e-01   4.3588263e-01   1.3025867e+00  -4.7581293e-01  -7.8649836e-03   4.6151754e-01  -3.7999028e-01   2.5731348e-01  -9.8179527e-01  -5.8990478e-01   3.4723349e-03
  -2.2317217e+00   8.1624597e-01   7.9618686e-01   6.8046255e-01  -1.0169932e+00  -3.0801159e-01   7.6347760e-01   4.8553029e-01   1.1839401e+00  -1.9481876e-01  -8.7174458e-02   2.2219913e-01
  -7.2010425e+00   6.7295449e-04   1.5019622e+00  -9.6764697e-01  -4.8234538e-01   5.9207776e-01   8.3345057e-01  -3.2504252e-01   1.2830099e+00   1.9984572e-01   2.9273757e-01   5.4363279e-01
  -1.0470081e+00  -1.3357699e+00   4.1096056e-01   1.9688985e+00   1.3075268e+00   3.0606008e-01  -3.1373137e-01  -1.5861062e+00   1.5692122e-02  -6.0911905e-01  -2.7636020e-01   4.6561920e-01
  -4.6138790e-01  -2.3352319e+00   7.4496349e-01   2.2439744e+00   1.8069239e+00  -3.6197532e-01  -6.3314605e-01  -1.4873828e+00  -3.3401078e-01  -1.5481622e-01   1.1793600e-01   3.1702253e-01
  -1.1078350e-01  -2.7075309e+00   5.6955190e-01   2.6358477e+00   1.7835958e+00  -8.8183981e-01  -2.9747748e-01  -1.4127667e+00   1.4478197e-01  -1.3304696e-01   2.0043458e-01  -1.2840834e-01
  -5.3130959e-01  -2.6479460e+00   9.3037421e-01   2.5401123e+00   1.9430105e+00  -2.8361989e-01  -7.7617475e-01  -1.3187029e+00   3.1058015e-01   8.0436059e-02   3.9847562e-01   4.3830901e-02
  -4.7826583e-01  -2.6655366e+00   8.6935130e-01   2.3643067e+00   2.2833025e+00  -8.3564468e-01  -1.1749212e+00  -1.2546636e+00  -2.5682315e-01  -2.6792784e-02   2.3878080e-01  -9.4987108e-02
   2.2929436e-01  -2.9163738e+00   4.0884644e-01   2.1369229e+00   1.9542372e+00  -5.3652889e-01  -1.0694277e+00  -1.1393018e+00   2.0306068e-01  -2.7254816e-02   4.9008075e-02  -2.2358425e-01
  -2.9183733e-01  -2.4726767e+00   5.1780276e-01   1.7214205e+00   2.4910469e+00  -9.5394874e-01  -7.4039751e-01  -1.2224172e+00  -1.2777339e-01   3.5446397e-02   1.5869380e-01   1.2278046e-01
   3.3328172e-01  -2.9643402e+00   2.8647944e-01   1.4975595e+00   2.4854065e+00  -5.7378023e-01  -9.9624219e-01  -1.1265713e+00  -3.1393419e-01   1.2637266e-01   4.8571234e-02   1.0155098e-01
   7.1747011e-01  -1.9877515e+00   3.3284025e-02   1.0653235e+00   2.6907266e+00  -1.0379416e+00  -4.1314101e-02  -1.4385261e+00  -2.8941353e-01  -1.4327827e-01   1.5163767e-01   1.6813990e-01
   4.3076315e-01  -1.4816490e+00  -5.0971411e-01   1.2962869e+00   2.8565598e+00  -9.8511917e-01   8.0312483e-02  -1.3853108e+00  -8.2234000e-01  -2.9781156e-01   2.5390846e-01   4.0573526e-01
  -2.1017946e-01  -8.4606297e-01  -3.9484482e-01   2.2542032e+00   2.6731094e+00   6.0987232e-01   8.2593646e-02  -1.3407309e+00  -1.0129947e+00  -1.9047780e-01   3.9771973e-01   5.6072683e-01
  -2.9451160e+00  -1.3130668e+00   1.6763885e+00   1.1957827e+00   2.1817720e+00   7.0489742e-01  -5.7639491e-01  -1.4071122e+00  -1.1244187e+00   4.9014886e-01   3.4340497e-01   6.2645706e-01
  -6.8512875e+00  -2.0202200e+00   9.4921201e-01   5.9102843e-01   1.2085216e+00   4.6356473e-01  -1.8064819e-01  -9.6532027e-01  -8.1239910e-01   4.3948114e-01   6.0694747e-01   4.1967223e-01
  -7.2383678e+00  -1.6641011e+00  -2.8513835e-01  -5.9152465e-02   1.2376683e+00   3.0568695e-01   7.4212439e-01  -3.5612025e-01  -1.0269847e-01   1.0076945e-01   3.7417597e-01   1.2838235e-01
  -7.8422723e+00  -1.8154458e+00   6.3633245e-01   7.8194421e-01   1.1664094e+00   2.8260655e-01   3.3687401e-01  -5.1530833e-01  -3.1855874e-01  -4.6052509e-01   1.8906313e-01   2.9420940e-01
  -7.5108504e+00  -1.8707545e+00   2.9147913e-01   1.5593835e-01   8.1646967e-01  -2.3444771e-01  -4.6974420e-01  -6.6645564e-01  -7.0300151e-01  -2.2677965e-01   5.4001328e-01   4.7621238e-01
  -7.7168903e+00  -2.2480384e+00   5.3325475e-01   6.1841870e-01   9.7534675e-01   5.5951403e-01   2.6820579e-01  -1.3287658e+00  -8.2957659e-01   5.5518620e-03   7.5987864e-01   6.5846026e-01
  -7.5854552e+00  -2.9841063e+00   4.9670187e-01   6.2380260e-01   1.1149711e+00   5.2449264e-01   3.1606716e-01   2.0362635e-02   1.1563325e-01   2.2962271e-01   5.4598737e-01   2.0450023e-01
  -6.0283882e+00  -2.9484974e+00   7.6489890e-01   6.5756112e-01   7.6087422e-01   3.5542053e-01  -4.4332149e-01  -1.1491562e+00  -3.8720978e-01   3.3414580e-01   1.0224723e+00   1.0959733e-01
  -5.5268835e+00  -3.5234337e+00   7.2668141e-02   1.6277719e+00   1.1401999e+00   9.2981294e-01   4.1690784e-01  -5.3742266e-01  -2.2490417e-01   5.9953750e-01   1.4511301e+00   8.0871881e-01
  -4.1295184e+00  -1.7153003e+00   7.1510454e-01   2.2069039e+00   3.5482835e-01   1.2135183e+00   2.0630358e-01  -9.0126219e-01  -4.6977407e-01   5.2392261e-01   1.3227855e+00   8.7179708e-01
  -4.6711017e+00  -1.5472539e+00   5.1150118e-01   2.0942361e+00  -5.7991821e-02   1.4748430e+00   5.4727097e-01  -6.4798074e-01   8.8118774e-03   1.0133648e+00   1.3406614e+00   6.6520666e-01
  -8.2346796e+00  -1.1774302e+00   2.4838408e+00   6.8272321e-01   9.9401515e-01   1.7678571e+00   1.3678885e+00  -9.4885078e-01   1.2230848e-01   1.4903674e+00   1.1775635e+00   1.0357797e+00
  -7.0296148e+00  -4.9980758e-02   1.3240830e+00   1.7439594e+00   1.1812877e+00   2.0182667e+00   1.8601574e+00  -7.3395716e-01   5.6842859e-02   1.4284302e+00   6.2128652e-01   9.2276007e-02
  -6.8961261e+00   4.4698142e-01   1.8235600e+00   2.0642862e+00   2.3465854e-01   1.3461973e+00   8.9549440e-01  -1.1412133e+00  -1.7237440e-01   4.8158262e-01   2.0740109e-01  -5.5314098e-01
  -6.0512977e+00   1.1897005e+00   1.9162810e+00   2.9498884e+00   7.4965930e-01   1.6612003e+00   1.1312164e+00  -4.2487992e-01   5.3321378e-01   2.6210181e-01  -2.2191098e-01  -3.0700407e-02
  -5.2175164e+00   2.0749288e+00   2.0530442e+00   3.1410772e+00   8.5615373e-01   1.5444876e+00   7.7224752e-01  -4.0109911e-01   4.2826170e-01   9.7683284e-02  -5.8572735e-01  -3.3328140e-01
  -5.7717815e+00   1.3199324e+00   1.6451433e+00   2.3135117e+00   8.4564826e-01   2.1899321e+00   8.3054398e-01  -1.1373058e-01   8.5775411e-01   2.6573764e-01  -5.4095055e-01   4.9356702e-01
  -6.0941494e+00   1.1805460e+00   1.4241581e+00   2.1615286e+00   2.0939448e-01   1.7632222e+00   1.2795790e+00  -3.7256955e-01   9.3438150e-01   8.8099044e-01  -6.2392798e-01  -4.2085586e-02
  -6.2273343e+00   9.1415085e-01   1.2713099e+00   2.2412624e+00   3.7215503e-01   1.9229693e+00   9.9629006e-01  -1.9878171e-02   6.8732225e-01   5.0798583e-01  -4.3424137e-01   3.0012216e-01
  -6.4804645e+00   2.1633433e-01   1.4247322e+00   2.0791794e+00   4.0798604e-01   1.7658107e+00   1.2098596e+00   2.3279837e-02   1.2446140e+00   3.0783072e-01  -6.8197911e-01   1.9136408e-01
  -6.4087966e+00   4.5379420e-01   1.6457057e+00   1.5606997e+00   3.8474663e-01   2.7511777e+00   1.4169274e+00   7.1891548e-02   7.7973863e-01   2.3430497e-01  -2.6673462e-01   5.1263278e-01
  -6.2805882e+00   9.1300658e-01   1.4918602e+00   7.7365920e-01  -6.4491601e-02   2.3174037e+00   1.1196689e+00  -3.1718624e-01   4.3751563e-01  -1.7085182e-01  -2.8091561e-01   7.1375879e-01
  -5.3143308e+00   1.1347018e+00   1.1975622e+00   1.5306471e+00   7.4676184e-01   2.3589708e+00   1.4731308e+00  -4.2549862e-01   5.4046644e-01   4.9614047e-01  -1.2069207e-01   3.9127001e-01
  -8.4453204e+00  -7.0807471e-01   1.7457870e+00   2.2296729e+00   1.7609634e-01   1.7000145e+00   1.0887413e+00   1.8665295e-01   7.4681238e-01   4.4723364e-02   8.3701751e-03  -2.1640730e-02
  -9.4561836e+00   1.4668273e-01   2.4517462e+00   1.9995849e+00   1.0067914e+00   1.6886714e+00   1.2700417e+00  -7.3084013e-02   3.2681933e-01   5.8902532e-01   5.0689510e-01   3.8735939e-01
  -8.8835904e+00  -1.8265427e-01   1.6358944e+00   1.4298972e+00   5.1261353e-01   1.2718889e+00   1.2855820e+00   2.9721046e-01   9.5866214e-01   5.2188650e-01   4.8903666e-01   3.5285598e-01
  -5.9400663e+00  -3.7344970e-02   1.2161433e+00   1.8073418e+00  -2.3822788e-01   9.6921310e-01   9.8252123e-01   3.1735534e-01   7.1438573e-01   1.8383325e-01   4.0666051e-01   6.6739611e-01
  -5.8343301e+00  -4.9298709e-02   1.5667361e+00   2.1603557e+00   7.4712630e-01   1.7258819e+00   1.5460039e+00   1.9134903e-01  -3.9221109e-01  -1.4032594e+00  -2.0828563e-01   1.1331309e+00
  -9.7921235e+00   1.0695062e+00   2.7183253e+00   1.2015415e+00   1.6583421e+00   1.0525223e+00   5.9377327e-01  -2.3180104e-01   2.2513414e-01   6.6219621e-01   1.5652751e-01  -2.4039427e-01
  -8.9812493e+00   9.3532015e-01   2.1615251e+00   1.5462377e+00   1.0415467e+00   1.6380478e+00   1.5430379e+00  -3.9299456e-01   7.0199540e-01   3.9521522e-01   2.3324146e-01   2.8380886e-01
  -7.6513531e+00   6.0761779e-01   1.3409021e+00   1.3685281e+00   6.7736453e-01   2.3501096e+00   1.6803793e+00   4.1334099e-01   1.4461072e+00   8.8261385e-01   4.7515070e-01   3.5598981e-01
  -7.0279214e+00   1.5217493e+00   2.1496146e+00   1.4818727e+00   1.9210473e-01   1.8875914e+00   8.9570448e-01  -8.3286623e-01   5.4281522e-01  -4.5605317e-01  -7.4948695e-01   2.1487750e-01
  -7.4511397e+00   3.3657105e-02   2.2998221e+00   2.3824369e+00   3.2614505e-01   1.9132537e+00   6.4608195e-01  -1.5363101e-01   1.0946765e+00   6.4169452e-01  -1.6273091e-01   3.6775414e-01
  -7.1293598e+00   9.7613287e-01   2.4526767e+00   2.2578869e+00   4.7482043e-01   2.0576301e+00   9.0077083e-01  -3.4083899e-01   1.0293378e+00   1.2825041e-01  -1.8276061e-01   8.8657650e-01
  -7.8399121e+00   5.3485205e-01   2.0376005e+00   2.0426731e+00   7.3840804e-01   1.5606337e+00   4.9801094e-01  -5.9206404e-01   7.4874678e-01   7.0163218e-01   3.1269046e-01   7.8494761e-01
  -7.9105708e+00   1.4577663e-01   2.1714515e+00   1.9102125e+00  -2.2852601e-01   1.7022720e+00   7.5800262e-01  -2.0627178e-01   1.0619705e+00  -8.8064317e-02  -2.4386095e-01   1.6659636e-01
  -7.8709866e+00  -6.1007012e-01   1.2961682e+00   1.8656237e+00   9.3297078e-01   1.6407320e+00   4.5460360e-01   2.9685464e-01   1.0889464e+00   4.9792604e-01   2.1232858e-01   1.5015548e-01
  -8.5632285e+00  -1.2847928e+00   6.2752539e-01   1.8992360e+00   8.6298447e-01   1.6547557e+00   1.0627557e-01  -9.0589329e-01  -3.7847101e-02  -3.5692162e-01  -4.7177515e-01  -7.2402101e-03
  -7.6187816e+00  -4.0369039e-01   1.1001115e+00   1.2387970e+00   7.3539127e-01   1.3484284e+00   3.9394597e-01   2.5431357e-02   5.0788675e-01  -4.2943176e-01  -4.7942234e-01  -2.6223109e-01
  -8.9038098e+00  -4.8355643e-01   1.5510191e+00   1.7759740e+00   1.6511602e+00   1.1637718e+00   9.6207873e-01   3.9031672e-02   1.1887664e-01   5.4489345e-02  -1.3713858e-01   3.3543317e-01
  -8.7666015e+00  -5.5758684e-01   1.3894343e+00   1.7507242e+00   1.3368250e+00   7.2825622e-01   1.0109410e+00   3.8552513e-01   8.2858600e-01   6.7214638e-01   4.1141498e-01   4.6299936e-01
