  -7.5390045e+00  -2.1097617e+00   1.7572688e+00   2.4824982e+00   6.2099024e-01   1.5788570e+00   1.2142817e+00  -8.1756156e-01  -6.0404605e-01   9.0261121e-02   2.6293965e-01  -5.8910011e-02
  -7.2925195e+00  -1.7908897e+00   1.5865170e+00   2.7996974e+00   1.2892322e+00   1.7241255e+00   1.4417454e+00   3.0659739e-01   3.4936382e-01  -1.9509118e-01  -2.8339653e-01   4.5098681e-02
  -7.9657068e+00  -2.1739823e+00  -8.1213161e-02   1.1727470e+00   1.0598215e+00   1.3602005e+00   1.1131908e+00  -2.3622111e-01   4.0845593e-01  -1.6644386e-01  -3.2707928e-01   2.0300101e-01
  -8.3491560e+00  -2.3835494e+00  -3.6876630e-01   7.2346908e-01   9.6527657e-01   1.6055973e+00   1.5144344e+00   2.1889422e-01   6.8354343e-01  -2.7139299e-01  -1.9076120e-01  -1.3595062e-01
  -6.3457066e+00  -1.2615887e+00   8.3737059e-01   1.7180113e+00   1.7028419e+00   1.6438870e+00   1.4550227e+00   3.8892470e-01   4.5354455e-01   4.6047591e-01   5.1271849e-01   2.3041547e-01
  -6.7518438e+00  -1.7073375e+00   1.0462110e+00   2.0752240e+00   1.2563508e+00   1.3719182e+00   7.2357122e-01   3.3449375e-01   1.1177167e+00   1.2438667e-01   1.7567727e-01   3.4805855e-01
  -7.0566591e+00  -1.5064535e+00   8.1911505e-01   2.4291443e+00   1.2455505e+00   2.0170460e+00   2.9468270e-01  -1.7399465e-01   7.6472101e-01   6.5977457e-01  -3.8985563e-02   1.5279252e-01
  -6.7985049e+00  -1.2429080e+00   9.0257132e-01   1.9317124e+00   1.3183690e+00   1.5966372e+00   1.3591432e-01  -3.4065152e-01   8.0363513e-01  -1.2130214e-01  -2.5926072e-01  -2.1328867e-01
  -3.7215808e+00  -2.0471201e+00  -4.8323327e-01   8.0994078e-01  -1.2291808e+00  -2.1371763e-01   1.1525098e+00   2.2849058e+00   2.1911990e+00   4.5748510e-01  -3.7196652e-01   6.6369817e-01
  -4.5650248e-01  -1.6280575e+00  -4.4357167e-01   8.8286729e-01  -2.4752821e+00  -7.6749778e-01   1.1498404e+00   1.0037462e+00   1.2874315e+00   1.2121664e-01  -6.5026990e-01   1.4427126e-01
   2.7670540e+00  -9.8055537e-01  -9.6706509e-01   6.5500963e-01  -2.7469864e+00  -1.4382202e+00   5.0471464e-01   8.7520092e-01   1.1160543e+00  -2.6235157e-01  -8.3003241e-01   3.1481525e-01
   1.8710071e+00   4.2130777e-01  -1.3597208e+00   1.8976208e+00  -3.2541115e+00  -1.3212285e+00   7.8611124e-01   1.1767344e+00   1.1578015e+00  -1.6904950e-01  -4.5121304e-01   6.1942173e-01
   1.5453972e+00   2.5470445e-01  -4.6560060e-01   1.3969239e+00  -2.3106717e+00  -1.8351751e+00   1.0005795e+00   9.3921199e-01   1.0094151e+00  -8.1881570e-01  -1.9788147e-01   4.9822217e-01
   6.8179167e-01   1.4273415e-01  -3.5218440e-01   1.6965240e+00  -1.9120239e+00  -1.5387922e+00   1.7174052e+00   6.1083536e-01   2.8553190e-01  -8.3791694e-01  -3.2977060e-01   9.5605794e-02
  -2.2764649e+00   2.7528744e+00   9.6168996e-01   8.5627851e-01  -1.0413759e+00  -6.9235196e-01   1.0633189e+00   4.3546166e-01   1.1058681e+00  -8.3491766e-01  -3.1950508e-01   4.7800621e-01
   4.6294126e-01   1.9714455e+00  -1.9282010e-01   1.8413261e+00  -1.3078046e+00  -1.1226203e+00   1.1593988e-01   2.5715868e-01   8.9759256e-01  -4.4462494e-01  -4.2502538e-01   5.4330345e-01
  -1.8274518e-01   2.1731722e+00  -2.7847276e-02   1.6928994e+00  -1.2217561e+00  -2.2763609e-02   7.3747766e-01   1.2647353e+00   7.6737751e-01  -6.6314892e-01  -2.0378954e-01   6.6222094e-01
  -5.4519925e+00   5.9289929e-01   1.9288234e-01   7.8017234e-01  -1.8513408e+00  -4.0701328e-02   9.2982339e-01  -4.4561906e-01   2.3150230e-01  -8.0350438e-01  -9.6331655e-02   8.5122246e-02
   5.1579916e-01   1.1084309e+00  -1.2773006e+00   4.1677086e-01  -7.5775797e-01  -1.6837546e+00   6.4157045e-01   6.7306505e-01   2.3492438e-01  -1.0510481e+00  -7.7168966e-01   1.7779865e-01
   1.5286227e+00   1.1546378e+00  -1.2914874e+00   6.9125093e-01  -1.1038205e+00  -2.2515860e+00   5.4040531e-01   6.4304564e-01   8.5168637e-01  -9.2673541e-01  -6.4413489e-01   5.6325776e-02
   1.6210816e+00   1.4451262e+00  -9.2161887e-01   4.1579842e-01  -8.1432093e-01  -2.2235002e+00   2.1350886e-01   6.1905499e-01   9.3062126e-01  -5.5539630e-01  -3.4624248e-01   2.8033642e-01
  -6.6068936e-02   2.7001708e+00  -1.1427738e-01   4.9246237e-01  -8.1778045e-01  -1.0155629e+00   2.3517149e-01   4.9158805e-01   1.1219044e+00   1.4835331e-02  -2.2286188e-01  -2.8194680e-02
  -8.7507158e-01   2.5539706e+00   3.9293122e-01   1.3866141e+00  -3.9157370e-02  -5.2223027e-01  -2.6337670e-01   5.8492672e-01   9.0264162e-01  -8.0539567e-01  -8.2109156e-01  -8.9123291e-01
  -1.8539006e+00   2.4991148e+00   1.0301888e-01   1.5118029e+00   2.1528216e-01  -6.8848159e-01   3.5483455e-02   5.5207001e-01   9.9994076e-01  -5.2769821e-01  -9.5281644e-01  -9.0349815e-01
  -2.0311413e+00   2.3640946e+00   2.3205596e-01   1.3460339e+00   1.1727250e-02  -1.0841769e+00   3.7753863e-01   1.4093143e-01   8.1486063e-01  -3.0394506e-01  -7.1260622e-01  -7.6912126e-01
  -9.4789223e-01   1.9603826e+00  -5.1381086e-01   8.5040492e-01  -8.5539003e-01  -2.2366890e+00   2.4739830e-01   1.1345335e+00   1.0722397e+00  -1.3978681e-01  -1.1842372e-01   4.8518141e-01
  -9.7230539e-01   1.3899198e+00  -7.2624635e-01   6.9234791e-01  -5.6973435e-01  -2.0918327e+00   6.9947895e-01   1.2738901e+00   8.4746232e-01  -6.7175121e-01   8.9070910e-03   5.8170968e-01
  -2.0771960e+00   1.0109397e+00  -4.7058872e-01   7.7471531e-01  -2.1738311e-01  -1.7067260e+00   1.0939638e+00   1.2279544e+00   6.6336177e-01  -5.3918663e-01  -1.9760270e-01   7.1301133e-01
  -2.8364446e+00   1.7012444e+00  -1.9318928e-01   5.6181490e-01  -5.2283202e-01  -1.2766753e+00   1.2246359e+00   8.0220609e-01  -5.5876219e-02  -5.9056970e-01   2.1616523e-01   6.1100946e-01
  -6.0431001e+00   2.1882455e+00   4.1083690e-01   7.7169985e-01  -4.8511304e-02  -4.9517350e-01   9.6123822e-01   5.2809838e-01   5.2715787e-01  -4.0193468e-01  -4.3900631e-02   9.0074217e-03
  -7.0593420e+00   2.5082436e+00   7.1781104e-01   6.7344380e-01  -3.3334437e-01  -6.8765730e-01   6.6643015e-01   2.8775628e-02   8.7187966e-01   1.5349269e-01  -1.3832801e-02   1.8577722e-01
  -6.9638166e+00   1.8486475e+00   7.5864891e-01   8.4011014e-01  -4.0561998e-01  -4.9175934e-01   1.1397969e+00   2.4040024e-01   4.4403938e-01   4.5328527e-01  -1.7363323e-01  -2.4560011e-01
  -4.6805046e+00   6.6625832e-01  -1.1308652e-01   9.9876508e-01   3.1344287e-01   1.0299734e-01   9.2397604e-01  -9.5463745e-01  -4.3121450e-02   1.2331803e-01   3.1993728e-01   3.2994327e-01
  -3.0388237e+00   1.0693080e-01  -1.0465418e-01   1.9689894e+00   1.4848839e+00  -4.4002257e-01  -1.8917042e-01  -8.2020850e-01  -2.8847852e-01  -3.9319309e-01   3.9857740e-01   3.9096111e-01
  -2.3788959e+00  -9.6989631e-01  -4.4487696e-01   2.6346295e+00   1.8736802e+00  -6.2709107e-01  -7.5669737e-01  -1.4323782e+00  -3.4445688e-01  -4.2528113e-01   1.8933035e-01   3.1525195e-01
  -1.4979783e+00  -1.2187303e+00  -5.7736696e-01   2.3801584e+00   2.1419662e+00  -7.7064184e-01  -7.7133273e-01  -9.3371577e-01  -2.3826757e-01  -1.8456923e-01   2.8565333e-01   4.0804702e-01
  -2.0942990e+00  -1.1791268e+00  -4.1563542e-01   2.2585380e+00   1.9267485e+00  -8.4927750e-01  -8.6746377e-01  -1.4684703e+00  -4.1716786e-01  -3.5040772e-02   2.4237239e-01   6.3255339e-03
  -1.6818203e+00  -1.3674570e+00  -7.4533773e-01   1.8672009e+00   1.9319257e+00  -7.3300595e-01  -6.1384390e-01  -1.4579220e+00  -5.0250417e-02  -3.9319528e-01   1.3931860e-01   1.8330079e-02
  -1.1447965e+00  -9.7583569e-01  -8.6880664e-01   1.9427692e+00   2.1550812e+00  -4.9736094e-01  -3.5301081e-01  -8.5378198e-01  -2.6036164e-01   2.1302762e-01   3.2388390e-01   9.7552387e-02
  -6.9697294e-01   2.0158490e-01  -1.1192994e+00   1.4456908e+00   2.3240984e+00  -3.3567020e-01  -8.8324340e-02  -9.7150244e-01  -1.7123857e-01   1.3530525e-01   4.7026971e-01   3.2567305e-01
  -2.9655780e+00  -2.8480944e-01   5.4631179e-01   2.2653568e+00   2.4986729e+00   8.1791357e-01  -4.8513026e-02  -1.1659870e+00  -1.4905150e-02  -1.6361410e-01   5.0202911e-01   7.9146535e-01
  -6.2514252e+00  -3.7143804e-01  -3.2611418e-02   1.5087335e+00   1.8417961e+00   4.7333234e-01   1.2140799e-01  -1.3379879e+00  -4.5215828e-01  -2.4329080e-01   8.5135902e-01   4.5916769e-01
  -7.7137518e+00  -6.1961359e-01  -3.2910009e-01   1.3165090e+00   1.3440423e+00   1.8023183e-01  -5.4300643e-01  -1.3471327e+00  -5.0206317e-01  -1.4323124e-01   9.1797964e-01   5.5443132e-02
  -8.0755668e+00  -1.2483386e+00  -6.6058591e-01   1.2859300e+00   1.9212225e+00   3.3851022e-01   5.8790539e-01  -8.2915270e-01  -4.1030685e-01  -1.7792460e-01   1.0164088e+00   4.8521872e-01
  -8.0646998e+00  -2.3555677e+00  -7.0908427e-01   1.1785520e+00   1.7073375e+00   8.7897985e-01   7.2125497e-01  -7.7405343e-01  -5.4916718e-02   4.1359531e-02   1.0699203e+00   4.3722142e-01
  -7.8294335e+00  -2.4263371e+00  -3.9625470e-01   1.1280113e+00   1.3993573e+00   2.4565642e-01  -7.0273835e-02  -1.3877639e+00  -3.1519271e-02  -2.0164606e-01   8.6731505e-01   2.0632670e-01
  -6.1244371e+00  -2.2338673e+00  -5.5708537e-01   1.0587530e+00   1.9349367e+00   3.7545564e-01  -3.9980855e-02  -1.0734148e+00  -3.7686382e-01  -1.6785950e-01   1.3241195e+00   1.0847708e+00
  -5.5128120e+00  -1.8274496e+00  -4.1985709e-01   6.3971307e-01   1.0870795e+00   2.2110495e-01  -1.0815565e-02  -7.0854652e-01  -3.6579316e-01   8.8471490e-02   4.4567626e-01   4.6479794e-01
  -5.9102358e+00  -1.3839448e+00  -1.0230660e-01   1.3845915e+00   1.1734139e+00   9.7453019e-01   1.2051634e+00  -8.4727658e-02  -1.3201246e-02   9.8923065e-01   9.8910748e-01   5.1440863e-01
  -5.3067425e+00  -1.2008407e+00   1.3274100e+00   2.1691836e+00   1.0873885e+00   4.2488839e-01   7.9861537e-01  -3.7086277e-01  -3.4009448e-01   8.3043329e-01   1.1799363e+00   3.4175860e-01
  -5.5372618e+00  -1.9863846e-01   1.9805607e+00   1.6947091e+00  -6.9549822e-02   5.9367404e-01   3.1931668e-01  -8.4674159e-01  -2.4643827e-01   6.4090183e-01   2.8015300e-01   7.1695213e-01
  -7.3449526e+00   3.8696490e-01   1.1642236e+00   2.5813924e+00   1.8263923e+00   1.0290974e+00   1.1637837e+00  -3.1746665e-01  -9.4433969e-01   1.7927827e-01   3.9782557e-01   4.8968567e-01
  -9.8192712e+00   1.2706068e+00   1.3422214e+00   2.1839846e+00   1.7012426e+00   8.0442730e-01   1.0926753e+00  -9.0306729e-01  -1.3858351e-01  -4.7234111e-02   9.4433389e-01   1.2684447e+00
  -9.1687262e+00   2.1215625e+00   2.8973405e+00   2.7355289e+00   1.4900238e+00   7.0220368e-01   1.3758484e+00   3.8016851e-03   1.4161697e-01   5.7659128e-01   8.9548257e-01   7.6794588e-01
  -1.1104908e+01   1.0481100e+00   2.4293580e+00   3.0369060e+00   1.9620039e+00   1.1796863e+00   1.4041374e+00   7.5507879e-02   1.0183847e+00   7.0100283e-01   8.7764516e-01   5.5195118e-01
  -1.1458549e+01   1.2985421e+00   2.3638451e+00   3.2097784e+00   2.0088427e+00   1.0204856e+00   1.4051762e+00   1.9017455e-01   1.0166526e+00   7.5060841e-01   9.3630624e-01   6.3806992e-01
  -1.2051602e+01   6.7599235e-01   2.0847728e+00   3.0921618e+00   1.9052620e+00   9.9152806e-01   1.4721910e+00  -2.9987847e-01   6.3187870e-01   4.7527082e-01   3.8344247e-01   3.3182912e-01
  -1.3063588e+01  -1.7091166e-02   1.5279665e+00   2.8272372e+00   2.2467696e+00   1.4879717e+00   2.2797229e+00   4.2545013e-01   4.9806156e-01   3.6105008e-01   5.6957967e-01   6.0804320e-01
  -1.3432443e+01  -7.4280809e-01   1.2744476e+00   2.5997082e+00   1.7917153e+00   1.1510611e+00   1.3985724e+00  -1.8112559e-01   4.0501813e-01   8.0784211e-02   5.6339381e-01   9.3134887e-01
  -1.3601387e+01  -1.0980695e+00   1.8951574e+00   2.7419005e+00   2.2744257e+00   7.7159157e-01   9.2259761e-01  -5.9409787e-01  -1.2373683e-01  -2.9894795e-01   1.4399438e-01   2.6461327e-01
  -1.2897675e+01  -1.1515369e+00   1.4592739e+00   2.5020643e+00   1.6688405e+00   9.0819499e-01   1.9225668e+00   1.3818869e-01   6.0977926e-02  -3.4720603e-01   1.2717058e-01   3.3321802e-01
  -1.1806934e+01  -1.3591854e+00   8.0626298e-01   1.8212352e+00   1.5086200e+00   8.5681854e-01   1.3015129e+00  -8.5305133e-02   1.8227095e-01   2.4215693e-01   2.7175845e-01   4.8111907e-01
  -1.1354500e+01  -1.8084221e+00   5.2816624e-01   1.6059087e+00   1.2977106e+00   6.8983350e-01   1.7989312e+00   4.3860312e-01   6.5416070e-01   1.8866351e-01  -1.7247260e-01  -6.1773533e-02
  -1.0652647e+01  -1.7353079e+00   8.5123584e-01   1.4820607e+00   1.2219198e+00   7.5022103e-01   1.3853805e+00   3.9671526e-01   6.9537544e-01   5.7100352e-01   7.0246092e-01   8.4104520e-01
  -1.0457037e+01  -1.8153099e+00   6.9265635e-01   1.2513710e+00   6.9567202e-01   3.4602764e-03   1.0343213e+00  -3.0478570e-01   1.1658659e-01   3.0274810e-01  -1.2588773e-01  -6.6837984e-02
  -9.1575264e+00  -1.1169193e+00   1.3339430e+00   1.7888260e+00   1.7800340e+00   8.1255500e-01   1.3169429e+00   4.9118031e-02   4.0223215e-01   7.7677260e-01  -1.0582223e-01   3.9702736e-01
  -9.2618567e+00  -6.8345825e-01   1.5599021e+00   1.8524747e+00   1.5549443e+00   4.6663837e-01   1.3425636e+00  -3.2961848e-02   1.4063039e-01   2.7557549e-01   3.8858048e-01   1.1507162e+00
  -8.6032498e+00  -5.7363711e-01   1.7671691e+00   1.8774916e+00   1.5404790e+00   1.3860938e+00   9.2394528e-01  -4.3864970e-01   4.6957631e-01   3.6535899e-01  -2.1316042e-02   4.3671507e-01
  -7.5560445e+00  -2.8867455e-02   2.0492811e+00   2.4154936e+00   1.2327050e+00   1.3564953e+00   1.4109581e+00  -1.8932676e-01  -4.1767535e-02   4.3539690e-01   4.1236898e-01   2.7367256e-01
  -7.2108387e+00  -7.3930045e-03   1.4083114e+00   1.9166081e+00   6.2795327e-01   1.2046858e+00   9.5375966e-01   1.5415328e-01   4.9272344e-01  -2.1078753e-02   1.3316750e-01   4.4439488e-01
  -6.9206116e+00  -3.8610609e-01   1.0753173e+00   1.7432467e+00   7.1892604e-01   8.0860153e-01   5.1367745e-01   2.0150864e-02   6.7442331e-01   6.5148778e-01   4.5187711e-01   1.8889550e-01
  -6.5945416e+00  -3.1516924e-01   1.0452868e+00   2.5377300e+00   9.1177532e-01   1.2146567e+00   9.7323881e-01   1.6906064e-01   9.1811278e-01   8.8756918e-02  -2.3682215e-01   2.1848265e-01
  -6.5098666e+00  -8.6330405e-01   4.9631902e-01   1.6139887e+00   9.7315765e-01   1.2626218e+00   2.0452797e-01  -3.8122721e-01   4.0699450e-01  -3.6483194e-01  -2.6751262e-01   9.8065908e-02
  -6.7661889e+00  -2.4770700e-01   8.6353821e-01   1.8621784e+00   8.4271377e-01   1.8824218e+00   8.2563197e-01   6.3447253e-01   7.8026972e-01   2.9937971e-01   4.8770972e-02   4.2790807e-01
  -1.0531805e+01  -4.4663151e-01   1.6615663e+00   1.5809956e+00   6.8343875e-01   6.1272958e-01   1.4933676e+00  -1.4730063e-01   4.4871212e-01   2.7518768e-01  -1.9739829e-01  -2.9378727e-01
  -9.6847638e+00   5.8812984e-02   1.8640507e+00   2.6170531e+00   1.5142623e+00   5.4862940e-01   5.6603434e-01  -2.6159867e-03   4.4179847e-01  -2.5544771e-02  -3.8376885e-01  -4.9059926e-01
  -1.0266287e+01  -7.9894611e-01   1.4119569e+00   2.5426273e+00   1.9704201e+00   8.2413060e-01   7.7406269e-01   2.1013875e-01   8.9373971e-01   6.3424778e-01   4.7366496e-01   2.0698570e-01
  -9.9004658e+00  -1.3390333e+00   1.1450620e+00   1.8706186e+00   1.5149407e+00   7.1373708e-01   2.3455509e-01  -6.5427533e-01   7.0078558e-01   6.9277424e-01   4.5305333e-01   4.4046910e-01
  -8.8714327e+00  -6.6505026e-01   1.7145314e+00   2.2979980e+00   1.1340794e+00   8.6578845e-01   6.2878280e-01   2.8553325e-01   5.1979189e-01   9.7983101e-02   1.0544997e-03  -7.3598096e-02
  -7.6491268e+00   2.4152306e-01   1.9294171e+00   2.0714579e+00   1.4411911e+00   1.4782816e+00   9.1333616e-01  -1.6155347e-01   8.3543326e-01   5.8610274e-01   1.4924462e-02   2.2421487e-01
  -8.0259588e+00  -4.5303804e-01   1.6187546e+00   2.5836429e+00   1.7995048e+00   1.8035238e+00   1.1592871e+00   5.3053245e-02   9.3794004e-01   7.5454282e-01  -1.5176816e-01  -2.0794161e-01
  -7.6057366e+00  -1.7243158e+00   9.5461703e-01   2.3656622e+00   8.3700990e-01   1.0849098e+00   7.5567645e-01  -4.0085722e-01   1.4110950e-01   8.8117446e-01   5.6273682e-01   2.8345074e-01
  -7.5644772e+00  -5.2819586e-01   9.7504562e-01   5.8214977e-01   1.1743202e+00   1.8657986e+00   1.7556258e+00   8.1804741e-01   6.0578490e-01  -1.9406757e-02  -5.2623426e-01   1.1671307e-01
  -7.9002663e+00  -9.1161882e-01   5.9263992e-01   5.1868177e-01   3.4954169e-01   9.5295296e-01   1.1955315e+00   3.6689380e-01   3.8364996e-01   1.9657653e-02  -3.7705763e-01  -2.5884391e-01
