  -5.9772955e+00   6.9308316e-01   4.0218499e-01   1.8903196e+00   5.7364039e-01   1.6307447e+00   7.5316595e-01  -8.0665981e-02   5.5773544e-01   1.7230936e-01  -6.1564917e-01   1.0888632e-01
  -5.4965198e+00   1.5767104e+00   4.4302483e-01   2.1130811e+00   1.3660922e+00   2.0138504e+00   1.2269802e+00   3.3485204e-02   3.1285394e-01  -2.3453973e-01  -5.4148356e-01   9.4325333e-01
  -5.0186349e+00   1.6129350e+00   4.7870300e-01   1.9817711e+00   9.4231103e-01   1.9320037e+00   1.1671284e+00   8.4973142e-03   3.5288812e-01  -8.5105441e-01  -1.0244389e+00   5.7371460e-01
  -4.8540610e+00   1.9294515e+00   5.2958614e-01   8.4780501e-01   8.7879224e-02   1.3692240e+00   5.3975212e-01  -2.1246763e-01   7.7074429e-01  -2.6428924e-01  -6.9986947e-01   4.3811020e-01
  -5.1016118e+00   1.4826465e+00   1.6798930e-01   1.1147314e+00   2.2479398e-02   1.3030168e+00   6.4320951e-02  -3.3624867e-01   4.7062763e-01  -3.6692683e-01  -2.1898810e-01   8.3572417e-01
  -5.2668463e+00   1.1738011e+00   4.9184666e-02   9.4396607e-01  -7.9830352e-02   2.0207406e+00   6.4341670e-01  -6.1719241e-01   5.7942247e-01   5.0452001e-02   1.2016344e-01   1.4627607e+00
  -5.7549759e+00   1.3609312e+00  -1.1814889e-01   1.0396829e+00   5.7119029e-01   1.7254228e+00   2.7076015e-01  -4.4725084e-01   7.4378753e-01   3.3662394e-01  -2.3043778e-01   8.1313882e-01
  -6.3218013e+00   1.9051166e+00   1.2205139e+00   1.3654488e+00   4.9358585e-01   2.0386477e+00   5.1576367e-01  -3.7319395e-01   8.8845277e-01   1.7965639e-01  -5.9130913e-01   1.2573966e-01
  -6.8242657e+00   2.2643750e+00   2.3836724e+00   1.8576103e+00   8.3518036e-01   1.3754519e+00   1.6695925e-01  -2.9808652e-01   1.2172136e+00   4.4120499e-01  -5.5666775e-01   6.2369971e-02
  -6.3220031e+00   2.1640930e+00   1.8309273e+00   1.5295228e+00   1.3530510e+00   2.0583241e+00   2.0562199e-01   8.1326814e-02   6.9218509e-01   1.3634556e-01   1.4153751e-01   3.9976853e-01
  -7.9586838e+00   8.8781061e-01   1.3758284e+00   1.3816915e+00   8.1253038e-01   2.1621605e+00   6.9474465e-01  -7.6606959e-01   1.0956226e+00   3.1731791e-01   2.2168608e-01   2.7857911e-01
  -7.7441704e+00   1.7343128e+00   1.5178353e+00   3.0924254e+00   1.0095157e+00   1.2603853e+00   4.7549660e-01  -2.5881837e-01   8.9696389e-01  -4.9272823e-02   2.2462093e-02   7.5330756e-01
  -6.7174382e+00   2.0941607e+00   5.4722214e-01   1.9978319e+00   6.8238531e-02   1.6835889e+00   1.0997177e+00   6.3140117e-01   1.6976794e+00   5.0855414e-01   1.0929623e-01   1.3407944e-01
  -5.6348274e+00   2.5051971e+00   1.0702304e+00   1.6934298e+00  -1.2656071e-02   1.3587446e+00   7.5808261e-01   1.0771391e-01   1.1016348e+00  -1.6100575e-01  -3.3989315e-01  -2.8066595e-01
  -3.4815513e+00   2.5512439e+00   2.1291216e-01   8.4964267e-01  -7.9504592e-01   4.9953110e-01  -2.2786163e-01   7.6081907e-01   1.4858915e+00  -6.6785179e-01  -6.5555146e-01   1.7853057e-01
   1.5663562e+00   2.3615167e+00   4.8501694e-01   3.7308603e-01  -2.4570863e+00  -1.3147748e+00   8.8149596e-02   1.7767339e+00   1.4131455e+00  -1.5109589e+00  -9.0753988e-01   1.1288968e+00
   3.6594219e+00   6.9137574e-01  -7.6731532e-01  -8.6315665e-02  -1.4201173e+00  -1.4799444e+00   7.9064672e-02   1.3924322e+00   1.4133597e+00  -1.5095500e+00  -7.3229247e-01   1.2074897e+00
   3.1652753e+00  -3.0361137e-01  -3.2953159e-02  -1.5301778e-01  -1.1784940e+00  -1.0191043e+00   5.4635343e-01   1.1399849e+00   1.4179161e+00  -9.8202825e-01  -5.0940682e-01   5.1893642e-01
   1.8058046e+00   5.8362939e-02  -5.1459474e-01   3.5868095e-01  -1.4071553e+00  -3.8179135e-01   2.0545672e-01   6.2450859e-01   5.4687536e-01  -7.4151395e-01  -7.7122724e-01   6.1605433e-01
  -1.4435072e+00  -2.2056623e-01   2.3706879e+00  -1.6711976e-01  -1.8674748e+00   1.5081552e-01   2.7737192e-01  -3.8879817e-01   9.1970748e-01  -1.2644030e+00  -3.9813860e-01   3.8179239e-01
  -2.1985414e-02   1.2389401e+00   3.4255685e-01   4.1914616e-01  -1.9265896e+00  -3.6268751e-01   2.2564537e-03   1.8638698e-02   1.1302401e+00  -5.8456359e-01  -7.0841310e-01   4.2856429e-01
   3.8600984e-02   1.8254915e+00   4.8120985e-01   8.6665339e-01  -7.0772179e-01   3.6821805e-01   4.2570600e-01   3.5393234e-01   1.4121112e+00  -6.0291456e-01  -3.6990471e-01   7.4752613e-01
  -4.1279106e+00  -1.6025719e+00   1.2483432e+00   6.3272942e-01  -1.0043956e+00   2.6155895e-01   1.0643826e+00  -6.7795757e-01   8.0713001e-01   2.6525345e-01  -1.3001686e-01   5.8272614e-01
   1.1923957e-02  -9.7647087e-01   2.1057469e-01   6.0130997e-01  -1.2568045e+00  -6.1827484e-01   6.0325017e-01  -3.9565181e-01   5.9416837e-01  -1.4025835e+00  -1.2474123e+00   1.1921041e+00
   8.9055947e-01   3.2747675e-02  -6.1041989e-01  -3.0090054e-01  -9.5876637e-01  -9.2118276e-01   3.6942131e-01  -2.2803170e-01   1.0679277e+00  -1.1261973e+00  -1.1259872e+00   6.7300553e-01
   1.5401867e+00   7.0981599e-01  -4.4523238e-01  -5.3472200e-01  -7.2174993e-01  -1.6012891e+00   6.2721785e-02   4.7206075e-01   1.1307719e+00  -7.8247942e-01  -8.9534641e-01   1.2831874e-01
   1.6348737e+00   1.0897961e+00  -2.6381794e-01  -2.2170764e-01  -2.3588531e-01  -1.3602317e+00  -3.6344491e-01   7.1501749e-01   8.2451701e-01  -4.5579621e-01  -3.6682961e-01  -1.8601506e-03
   1.4648975e+00   6.3037075e-01   1.3833874e-01   6.7979836e-01  -2.0740146e-01  -3.6088656e-01  -3.9848825e-01   6.1724062e-01   4.9596691e-01  -5.3071699e-01  -1.8565366e-01  -1.1054536e-01
   1.5387022e+00  -3.5966252e-01   2.8162445e-01   9.7696302e-01  -4.1987273e-01   4.9067762e-01   4.4163806e-01   7.3765679e-01   5.5798983e-01  -5.4270997e-01  -5.9566951e-01  -8.2969878e-01
   1.8607099e+00  -3.2400516e-01   5.0849722e-01   5.5039838e-01  -9.9795899e-01  -4.5265015e-01   1.0789152e-01   6.5654838e-01   3.1290040e-01  -5.8138051e-01   6.3891435e-02  -1.4895735e-01
   2.4265917e+00  -1.0075774e+00   1.9313919e-01   4.2233898e-01  -1.2147173e+00  -8.3379064e-01   4.8918980e-01   1.0035723e+00   7.5535428e-01  -9.2674503e-01  -5.3469432e-01   2.5378281e-01
   1.2616468e+00  -1.7498282e+00   6.8641141e-01   3.4982659e-01  -1.0951899e+00  -8.3239892e-01   1.2280709e+00   5.5410218e-01   7.0338287e-01  -1.2115162e+00  -5.3027906e-01   3.6545537e-01
   7.8958909e-02   2.6557148e-01   1.1426534e+00   1.0516245e+00  -1.4409216e-01  -2.5380564e-02   9.3880819e-01   3.2823948e-01   1.1299852e+00  -8.5113980e-01  -8.5903432e-01   1.6802338e-01
  -5.3427054e-02   1.4324768e-01   5.1574480e-01   1.2630161e+00  -5.8533670e-01  -2.9466485e-01   6.3738265e-01  -2.8835251e-02   7.8282957e-01  -6.0584088e-01  -4.7061761e-01   8.2161875e-01
  -6.9868670e-01  -4.7724723e-02   1.9488266e-01   9.5327305e-01  -1.3332181e+00  -2.7155493e-02   1.0431430e+00   6.0796040e-01   1.7823403e+00  -3.8989231e-01  -6.4837228e-01   1.6241013e-01
  -3.5139413e-01   5.1404286e-01   5.8084133e-01   7.3715865e-01  -1.1468149e+00   4.4635049e-01   8.7420555e-01   7.3825785e-01   1.2886781e+00  -6.8093132e-01  -4.2697165e-01   7.6039552e-01
  -3.7789530e+00  -1.4888344e+00   2.3225797e+00  -6.1784976e-01   7.3966528e-01   6.6065053e-01   6.4268395e-01  -6.2330984e-01   5.1461063e-01  -3.3629865e-01  -4.6629782e-03   5.3564391e-01
  -5.7215564e-01  -1.3871666e+00   2.5661985e+00   6.5599604e-01   2.2278988e+00  -6.2940653e-02  -2.5764808e-01  -1.9953769e+00  -7.0411797e-02  -3.3769122e-01   4.8117639e-02   5.1081629e-01
   1.5520381e-01  -2.3441566e+00   2.1347580e+00   1.3925982e+00   3.0114639e+00  -1.7236936e+00  -6.8152781e-02  -1.2263889e+00  -4.3676282e-01   4.4134512e-02   3.5082710e-01   6.0314797e-01
  -2.5382042e-02  -3.2815767e+00   2.3482717e+00   1.4603670e+00   3.0142481e+00  -1.4974599e+00  -4.3389706e-01  -8.3858542e-01  -2.5445375e-02   5.5918233e-02   2.8556905e-01   6.5803174e-01
  -2.2858941e-01  -3.8510830e+00   2.7754595e+00   1.3078531e+00   3.6720865e+00  -1.8831751e+00  -1.0300475e+00  -1.1361977e+00  -7.2742710e-01  -1.1667245e-01   1.3638275e-02   4.4828831e-01
   4.0322751e-01  -3.6815706e+00   2.2198200e+00   1.1727932e+00   3.5923013e+00  -1.6044091e+00  -9.5347015e-01  -6.1968359e-01  -8.4376455e-01  -9.3335036e-02  -1.0995860e-01   4.6507556e-01
  -7.9662347e-02  -3.4959676e+00   2.5187864e+00   9.7517942e-01   3.4708828e+00  -1.2905357e+00  -7.4547138e-01  -5.9266606e-01  -7.9364690e-01   6.0572796e-02   1.8945211e-01   4.0368098e-01
   6.9083619e-01  -3.7494528e+00   1.6464945e+00   1.5603927e+00   2.9743815e+00  -1.1767480e+00  -9.4785787e-01  -9.6374947e-01  -9.9152172e-01   4.6449044e-01   2.5958706e-01   7.1060391e-01
   5.6845644e-01  -3.5469289e+00   1.8764158e+00   5.8259750e-01   3.7666241e+00  -1.7221856e+00  -6.7495714e-01  -6.3470769e-01  -5.3989244e-01  -2.7126076e-02   2.6784865e-01   9.7221895e-01
  -1.6135812e-01  -2.8514462e+00   1.3505585e+00   1.0326071e+00   3.5056605e+00  -1.7410561e+00  -8.8779725e-01  -5.3888986e-01  -8.8742373e-01   2.9989314e-01   7.1477796e-01   5.6686080e-01
   8.4939981e-01  -2.8502372e+00   4.7429837e-01   1.0521690e+00   3.2515978e+00  -1.4289225e+00  -4.0934083e-01  -5.3803657e-01  -8.1337776e-01   2.7793104e-01   5.0651451e-01   5.3634207e-01
   2.8926637e-02  -9.9336437e-01  -8.1988289e-02   9.7657934e-01   3.0448938e+00  -3.7782697e-01  -4.9272033e-01  -4.4750239e-01  -5.9749050e-01   5.5162994e-01   8.5821719e-01   7.7938484e-01
  -8.4326772e-01   3.6795127e-01   6.7519365e-01   1.5006384e+00   2.4130173e+00  -3.2431456e-01  -2.4178908e-01  -7.3962622e-01  -6.3999919e-01   5.2111187e-01   4.0577532e-01   8.0928915e-01
  -2.1962354e+00  -1.3650262e+00   7.3895813e-01   1.6788344e+00   2.1780316e+00   7.2472369e-01   3.7057024e-01  -8.9670294e-01  -4.9586987e-01   1.9551576e-02   1.3531777e-01   4.8794948e-01
  -5.3643105e+00  -2.3291250e+00   9.4379950e-01   4.6011729e-01   1.1464194e+00  -1.8665922e-01  -1.5502783e-01  -4.2182165e-01  -2.4410909e-01  -4.4506318e-02   2.9113581e-01   4.7378925e-01
  -7.2290075e+00  -3.5781328e+00   6.4227523e-01   6.1007250e-01   2.0862272e+00   2.7568119e-01   3.8674695e-01  -5.4372615e-01  -4.6466381e-01  -2.2381747e-01   3.5322579e-01   7.4476103e-01
  -7.4950511e+00  -3.1701903e+00   2.2085982e-01   1.9053164e-01   1.0130833e+00  -2.9315146e-01  -5.0557079e-02  -6.9442711e-01  -1.2126621e-01   5.6200917e-01   9.1231830e-01   7.4140205e-01
  -7.0433794e+00  -2.4300450e+00   8.9474583e-01   8.4543487e-01   2.1472183e+00   9.0162497e-01   5.8145998e-01  -6.8255725e-01  -1.4564577e-01   4.8824665e-02   3.6848769e-01   5.1537672e-01
  -6.5660547e+00  -2.9694776e+00   2.6482048e-01   2.8240597e-01   1.6249401e+00   6.6827507e-01   6.9344768e-01  -4.1396088e-01   5.1466414e-02   9.5658995e-01   1.0210188e+00   8.3702486e-01
  -6.1360365e+00  -2.7701352e+00  -5.2558996e-02  -2.8326693e-01   1.0705728e+00   2.2490591e-01   2.1805582e-01  -9.2480540e-01  -2.9993769e-01   4.0533494e-01   6.2305642e-01   6.6787647e-01
  -5.0326946e+00  -2.4717860e+00  -3.2013197e-01   4.5210948e-02   7.9036229e-01   6.6534873e-01  -6.9899417e-02  -9.1787991e-01  -4.3673146e-01   2.8066985e-01   1.1015666e+00   7.4141929e-01
  -4.2972951e+00  -1.7070163e+00  -2.6526700e-02   7.2997724e-01   3.8287565e-01   3.9792182e-01   2.7242256e-02  -1.0825370e+00   1.3912121e-01   5.9062001e-01   1.2865421e+00   1.3528298e+00
  -5.0759584e+00  -9.7024645e-01  -3.7684503e-01   1.5543615e+00   7.2038012e-01   1.1860109e+00  -2.7424551e-01  -1.0987019e+00  -9.6842615e-02   2.3942947e-01   7.2672861e-01   7.7287199e-01
  -4.7352905e+00   3.6462896e-01   7.9488532e-01   1.3957774e+00   9.9720233e-01   2.3577315e+00   1.0003783e+00  -7.5467701e-01  -2.1496654e-01   1.3162052e-01   9.1448665e-01   1.0176327e+00
  -5.5376080e+00   7.4644601e-01   4.4966749e-01   1.7162014e+00   1.2420977e+00   2.7281865e+00   7.8409663e-01  -1.0378122e+00  -2.6773142e-01   2.8479812e-01   7.1215821e-01   9.3990932e-01
  -7.4029663e+00   9.4605668e-01   1.5980802e+00   4.4684675e-01   1.5360321e+00   1.5975245e+00   1.1881103e+00  -5.6302258e-02   4.6306998e-01   6.7035004e-01   1.4083923e-01   5.7313594e-01
  -5.9501909e+00   2.2004021e+00   2.2897911e+00   8.6559660e-01   1.1850907e+00   1.5943321e+00   1.1274296e+00  -4.6722951e-01  -1.7333354e-01   4.1924938e-01   1.4140300e-01   7.3723611e-01
  -6.1831275e+00   2.8050997e+00   1.8900389e+00   1.2309454e+00   9.3660585e-01   1.7326658e+00   8.2875820e-01  -6.9093930e-01   4.7608855e-01   3.3557901e-01   2.2781809e-01   1.3889522e-01
  -5.7165183e+00   2.0416828e+00   9.9939311e-01   1.6267530e+00   7.1944723e-01   1.7736116e+00   4.4336302e-01  -6.5300344e-01   7.0371458e-01   2.7554433e-02   1.1971024e-01   4.9334591e-01
  -5.6834015e+00   1.9358843e+00   5.9710031e-01   1.2563407e+00   4.7377253e-01   1.4743828e+00   5.3730948e-01  -3.9374204e-01   6.2547682e-01   2.5141643e-01  -7.9660231e-01  -1.4709022e-01
  -6.7242152e+00   1.2827919e+00   1.0325962e+00   1.1436409e+00   4.1062053e-01   1.8036787e+00   6.4744177e-01  -1.0142117e+00   1.1469042e+00   4.5384973e-01  -3.0048016e-01   3.6970768e-02
  -6.7066977e+00   9.4127342e-01   1.1664114e+00   1.2329353e+00   5.6168073e-01   2.3463286e+00   6.3466006e-01  -1.0863180e+00   5.3208365e-01  -3.9979437e-01  -6.2820166e-01   2.1485187e-01
  -6.3792657e+00   5.3952264e-01   1.0329529e+00   1.4257687e+00   1.4000817e-01   2.0090924e+00   4.4618384e-01  -5.9080229e-01   3.4467016e-01  -3.0421094e-01  -2.8181681e-02   1.2871351e+00
  -6.0339242e+00   7.5086239e-01   1.3323757e+00   1.4463233e+00   7.1948903e-01   2.5024906e+00   6.0566270e-01  -4.5766465e-01   7.8155884e-01  -5.0275606e-01  -5.7345382e-01   7.2548221e-01
  -5.7717815e+00   1.3199324e+00   1.6451433e+00   2.3135117e+00   8.4564826e-01   2.1899321e+00   8.3054398e-01  -1.1373058e-01   8.5775411e-01   2.6573764e-01  -5.4095055e-01   4.9356702e-01
  -6.0941494e+00   1.1805460e+00   1.4241581e+00   2.1615286e+00   2.0939448e-01   1.7632222e+00   1.2795790e+00  -3.7256955e-01   9.3438150e-01   8.8099044e-01  -6.2392798e-01  -4.2085586e-02
  -6.2273343e+00   9.1415085e-01   1.2713099e+00   2.2412624e+00   3.7215503e-01   1.9229693e+00   9.9629006e-01  -1.9878171e-02   6.8732225e-01   5.0798583e-01  -4.3424137e-01   3.0012216e-01
  -6.4804645e+00   2.1633433e-01   1.4247322e+00   2.0791794e+00   4.0798604e-01   1.7658107e+00   1.2098596e+00   2.3279837e-02   1.2446140e+00   3.0783072e-01  -6.8197911e-01   1.9136408e-01
  -6.4087966e+00   4.5379420e-01   1.6457057e+00   1.5606997e+00   3.8474663e-01   2.7511777e+00   1.4169274e+00   7.1891548e-02   7.7973863e-01   2.3430497e-01  -2.6673462e-01   5.1263278e-01
  -6.2805882e+00   9.1300658e-01   1.4918602e+00   7.7365920e-01  -6.4491601e-02   2.3174037e+00   1.1196689e+00  -3.1718624e-01   4.3751563e-01  -1.7085182e-01  -2.8091561e-01   7.1375879e-01
  -5.3143308e+00   1.1347018e+00   1.1975622e+00   1.5306471e+00   7.4676184e-01   2.3589708e+00   1.4731308e+00  -4.2549862e-01   5.4046644e-01   4.9614047e-01  -1.2069207e-01   3.9127001e-01
  -8.4453204e+00  -7.0807471e-01   1.7457870e+00   2.2296729e+00   1.7609634e-01   1.7000145e+00   1.0887413e+00   1.8665295e-01   7.4681238e-01   4.4723364e-02   8.3701751e-03  -2.1640730e-02
  -9.4561836e+00   1.4668273e-01   2.4517462e+00   1.9995849e+00   1.0067914e+00   1.6886714e+00   1.2700417e+00  -7.3084013e-02   3.2681933e-01   5.8902532e-01   5.0689510e-01   3.8735939e-01
  -8.8835904e+00  -1.8265427e-01   1.6358944e+00   1.4298972e+00   5.1261353e-01   1.2718889e+00   1.2855820e+00   2.9721046e-01   9.5866214e-01   5.2188650e-01   4.8903666e-01   3.5285598e-01
  -5.9400663e+00  -3.7344970e-02   1.2161433e+00   1.8073418e+00  -2.3822788e-01   9.6921310e-01   9.8252123e-01   3.1735534e-01   7.1438573e-01   1.8383325e-01   4.0666051e-01   6.6739611e-01
  -5.8343301e+00  -4.9298709e-02   1.5667361e+00   2.1603557e+00   7.4712630e-01   1.7258819e+00   1.5460039e+00   1.9134903e-01  -3.9221109e-01  -1.4032594e+00  -2.0828563e-01   1.1331309e+00
  -9.7921235e+00   1.0695062e+00   2.7183253e+00   1.2015415e+00   1.6583421e+00   1.0525223e+00   5.9377327e-01  -2.3180104e-01   2.2513414e-01   6.6219621e-01   1.5652751e-01  -2.4039427e-01
  -8.9812493e+00   9.3532015e-01   2.1615251e+00   1.5462377e+00   1.0415467e+00   1.6380478e+00   1.5430379e+00  -3.9299456e-01   7.0199540e-01   3.9521522e-01   2.3324146e-01   2.8380886e-01
  -7.6513531e+00   6.0761779e-01   1.3409021e+00   1.3685281e+00   6.7736453e-01   2.3501096e+00   1.6803793e+00   4.1334099e-01   1.4461072e+00   8.8261385e-01   4.7515070e-01   3.5598981e-01
  -7.0279214e+00   1.5217493e+00   2.1496146e+00   1.4818727e+00   1.9210473e-01   1.8875914e+00   8.9570448e-01  -8.3286623e-01   5.4281522e-01  -4.5605317e-01  -7.4948695e-01   2.1487750e-01
  -7.4511397e+00   3.3657105e-02   2.2998221e+00   2.3824369e+00   3.2614505e-01   1.9132537e+00   6.4608195e-01  -1.5363101e-01   1.0946765e+00   6.4169452e-01  -1.6273091e-01   3.6775414e-01
  -7.1293598e+00   9.7613287e-01   2.4526767e+00   2.2578869e+00   4.7482043e-01   2.0576301e+00   9.0077083e-01  -3.4083899e-01   1.0293378e+00   1.2825041e-01  -1.8276061e-01   8.8657650e-01
  -7.8399121e+00   5.3485205e-01   2.0376005e+00   2.0426731e+00   7.3840804e-01   1.5606337e+00   4.9801094e-01  -5.9206404e-01   7.4874678e-01   7.0163218e-01   3.1269046e-01   7.8494761e-01
  -7.9105708e+00   1.4577663e-01   2.1714515e+00   1.9102125e+00  -2.2852601e-01   1.7022720e+00   7.5800262e-01  -2.0627178e-01   1.0619705e+00  -8.8064317e-02  -2.4386095e-01   1.6659636e-01
  -7.8709866e+00  -6.1007012e-01   1.2961682e+00   1.8656237e+00   9.3297078e-01   1.6407320e+00   4.5460360e-01   2.9685464e-01   1.0889464e+00   4.9792604e-01   2.1232858e-01   1.5015548e-01
  -8.5632285e+00  -1.2847928e+00   6.2752539e-01   1.8992360e+00   8.6298447e-01   1.6547557e+00   1.0627557e-01  -9.0589329e-01  -3.7847101e-02  -3.5692162e-01  -4.7177515e-01  -7.2402101e-03
  -7.6187816e+00  -4.0369039e-01   1.1001115e+00   1.2387970e+00   7.3539127e-01   1.3484284e+00   3.9394597e-01   2.5431357e-02   5.0788675e-01  -4.2943176e-01  -4.7942234e-01  -2.6223109e-01
  -8.9038098e+00  -4.8355643e-01   1.5510191e+00   1.7759740e+00   1.6511602e+00   1.1637718e+00   9.6207873e-01   3.9031672e-02   1.1887664e-01   5.4489345e-02  -1.3713858e-01   3.3543317e-01
  -8.7666015e+00  -5.5758684e-01   1.3894343e+00   1.7507242e+00   1.3368250e+00   7.2825622e-01   1.0109410e+00   3.8552513e-01   8.2858600e-01   6.7214638e-01   4.1141498e-01   4.6299936e-01
