  -6.7800588e+00   2.9042867e-01   1.6088275e+00   2.1671935e+00   2.1202167e-01   1.6965138e+00   1.1513867e+00  -7.1355794e-01   5.7075745e-01   1.0319781e-01  -3.5587263e-01  -1.4061035e-01
  -8.3119839e+00   2.4104884e-01   1.9324736e+00   1.5024385e+00  -4.3047367e-02   1.7420627e+00   9.7199903e-01   5.0963777e-02   1.1058291e+00   4.7703628e-01   4.4383566e-02   2.8688403e-01
  -9.6020735e+00   4.3120882e-01   1.6191491e+00   1.6031593e+00  -1.6205186e-01   1.0969940e+00   1.2705306e+00  -1.5531160e-01   1.1995283e+00   5.9031230e-01  -2.0087799e-01  -1.5678031e-01
  -1.1146539e+01  -7.3963700e-02   2.2411937e+00   1.9739917e+00   6.7834440e-02   3.5210785e-01   9.0203733e-01  -1.5498924e-01   1.0940813e+00   2.8351881e-02  -5.3974279e-01   5.7823862e-02
  -1.2224461e+01  -2.4754041e-01   2.3411993e+00   2.0543407e+00   9.2434863e-01   5.7824343e-01   1.3226692e+00  -1.2850171e-01   6.3064077e-01  -1.1876104e-01  -4.2609803e-01  -5.0185191e-01
  -1.2771428e+01  -1.1880096e+00   2.6974075e+00   2.0568249e+00   7.7513005e-01   6.9397596e-01   1.2298620e+00  -1.9612243e-01   3.7519562e-01  -6.2815956e-01  -7.7603171e-01   1.9739790e-02
  -1.2692250e+01  -9.5011518e-01   2.2193065e+00   2.3137842e+00   1.4796698e+00   6.1107076e-01   1.1919813e+00   7.8202304e-01   1.3336841e+00   5.1544382e-01   6.1018488e-02   2.6450473e-01
  -1.1667427e+01  -6.7202938e-01   2.3675536e+00   2.2924550e+00   1.2919357e+00   9.3247052e-01   9.6491964e-01  -4.9178441e-01   6.6746782e-01   2.5705350e-01  -4.9020863e-01  -1.7405109e-01
  -1.1545754e+01  -4.2242489e-01   2.8141307e+00   2.6540006e+00   1.3064221e+00   5.1785684e-01   1.0283986e+00  -2.1633275e-02   7.7376812e-01   2.2961033e-01  -3.5979446e-01  -2.3074839e-01
  -1.0652578e+01   1.2832060e-01   2.7281771e+00   2.5146132e+00   1.2765585e+00   8.7967206e-01   4.5860655e-01  -8.4939562e-01   5.0377854e-01  -1.4263561e-01  -5.8775182e-01  -5.1656656e-01
  -1.0331601e+01  -4.4698343e-01   2.0226286e+00   2.1587232e+00   1.6247534e+00   9.4958457e-01   8.2567547e-01  -7.6699649e-01   2.9217041e-01  -8.3217697e-02  -4.4480194e-01   1.0949830e-01
  -1.0730612e+01  -6.4458353e-01   1.5879339e+00   2.1125787e+00   1.4939193e+00   1.6537390e+00   1.6335683e+00  -2.0423054e-01   7.3882966e-01  -3.0598063e-01  -6.4367284e-01  -2.9702276e-02
  -1.0724484e+01  -1.8876293e-01   2.2679360e+00   2.3646381e+00   1.4941441e+00   1.1943632e+00   8.5019942e-01  -1.1743687e+00  -1.3723542e-01  -3.3607229e-01  -5.8260858e-01   1.8224268e-01
  -1.0313354e+01  -3.2962841e-01   1.0940093e+00   1.7342329e+00   1.3950462e+00   1.7468395e+00   1.7418041e+00  -5.7238280e-01   5.1466434e-01   5.9471118e-02  -3.0980993e-01  -2.1535459e-02
  -1.0194545e+01  -7.4187630e-02   1.6437963e+00   2.4333979e+00   1.3700708e+00   1.2516270e+00   1.0180254e+00  -5.8641587e-01   2.7646820e-01  -4.7221009e-01  -7.6294794e-02   4.2124638e-01
  -9.8533699e+00  -4.4222695e-01   1.3083687e+00   2.1623923e+00   1.2848350e+00   1.4158077e+00   1.2788159e+00  -5.8974252e-01   5.1655745e-01  -2.5003173e-01  -3.9220412e-01   1.1893441e-01
  -1.0211760e+01  -8.7596261e-01   1.1690228e+00   1.7596192e+00   1.0537401e+00   1.7984478e+00   1.2791684e+00  -4.2126760e-01   9.3678074e-01  -1.3377479e-01   2.0048607e-01   1.0441150e-01
  -9.1598587e+00   6.4200111e-02   1.1447732e+00   1.5304669e+00   6.8956590e-01   1.3785427e+00   1.1482182e+00   2.1008933e-01   1.2256799e+00  -5.1918788e-01  -5.4128620e-01   9.4389294e-02
  -8.4063412e+00   6.2681390e-01   1.7578643e+00   1.4642034e+00   7.7767721e-01   1.5167924e+00   9.0869915e-01  -1.1880404e-01   1.3909930e+00   1.1212483e-01   2.1082773e-01   3.1192652e-02
  -7.3082999e+00   1.4173092e+00   1.6344978e+00   8.6807478e-01   9.8802131e-01   1.8357909e+00   1.3829456e+00  -3.6599389e-01   7.0444735e-01  -1.4804119e-01   1.9993108e-01   7.9841473e-01
  -7.6635215e+00   1.0402278e+00   1.5415821e+00   1.3415735e+00   7.5329946e-01   1.7298351e+00   6.5037107e-01  -4.6586675e-01   4.2359713e-01   1.4371096e-01  -2.4446519e-01   2.2708342e-01
  -7.5033878e+00   6.3340867e-01   1.4619707e+00   9.9733662e-01   1.4477813e-01   1.7255298e+00   2.8187849e-01  -3.7926371e-01   1.1092553e+00   3.5890950e-01   5.7269935e-02   1.5667270e-01
  -7.2190621e+00   1.3572823e+00   2.2670402e+00   1.1437014e+00   9.4053611e-01   2.4821760e+00   5.7106557e-01  -2.0057807e-01   1.2853257e+00   2.8989668e-01   3.3968334e-02  -7.7344111e-03
  -5.8710904e+00   1.5685492e+00   1.7724126e+00   8.4864103e-01   2.5788159e-01   2.2765819e+00   1.1369583e+00   3.8565754e-01   1.2976041e+00   6.3683514e-01  -1.0737967e-01  -2.8913095e-01
  -6.1426424e+00   3.3195402e-01   4.4160563e-01   6.6758385e-01   3.4247048e-01   2.1002553e+00   1.0727681e+00   4.9060431e-01   1.1513564e+00   3.3748739e-01  -1.6079291e-02   7.8456989e-01
  -6.7902142e+00   2.0014855e-01   8.6068407e-01  -8.1370679e-01   5.0875340e-01   1.3994627e+00   8.8369808e-01   1.2419982e+00   1.9017499e+00   1.3961390e-01   2.0029750e-01   9.7154592e-02
   2.3631421e+00  -8.8107358e-01   6.7938949e-01  -2.4348523e-01  -1.7625839e+00  -1.0790002e+00   2.6553549e-01   1.3103851e+00   1.1400669e+00  -1.3204287e+00  -3.3347189e-01   8.4512420e-02
   6.8169425e-01  -1.6291854e-01  -7.3737596e-02   6.6808429e-02  -6.3565629e-01  -1.6884185e+00   7.2179823e-01   9.4111070e-01  -3.6501141e-02  -1.2259364e+00  -1.1268429e-01   1.6699138e-01
  -7.5298564e-01   7.0487030e-01   1.4412108e+00   4.0261512e-01  -1.3768587e+00  -5.6368384e-01   7.9114818e-01  -2.8475056e-01   2.7405930e-01  -1.0027937e+00  -3.7409209e-01   7.7127457e-02
   2.6471803e-01   1.0517180e+00  -3.8354789e-01   8.4130041e-01  -9.1632580e-01  -1.7959795e-01   7.8124705e-01  -1.4596730e-01  -2.0717639e-01  -1.0155128e+00  -5.0063970e-01   6.4098749e-02
  -2.6802284e-01   1.6071972e+00   1.9014116e-01   1.0001401e+00  -8.1459905e-01   1.3072131e-01   4.2002711e-01   4.1015495e-01   6.1118410e-01  -8.1899663e-01  -6.0249078e-01   2.8958540e-01
  -5.8263163e+00  -1.7988770e+00  -5.2272997e-02   3.0110942e-01  -1.9411229e+00   2.3047726e-01  -1.1066383e-01  -1.4038348e+00  -5.5291497e-01   2.5595265e-01  -2.8667311e-01   7.6422235e-01
   3.8304986e-01   1.1006411e-01  -5.0455292e-01   3.4675448e-01  -9.2001692e-01  -1.2395806e+00   4.9834262e-01   1.8488502e-01   4.0790743e-01  -1.3909344e+00  -1.2753134e+00   1.1454239e+00
  -3.0987304e-01  -1.4713963e-01  -6.4873630e-01  -4.1659535e-01  -1.7993179e+00  -1.5694461e+00   1.6515789e-01  -1.7471668e-01   9.0699420e-01  -1.1620719e+00  -1.3491487e+00   8.3831412e-01
  -1.4145244e+00   5.4706908e-01   1.5418265e-01  -6.2200443e-01  -1.9947472e+00  -8.9983250e-01  -3.4578918e-01  -3.9382671e-01   1.6874420e+00  -8.7551516e-01  -1.9247423e+00   1.2500788e+00
  -2.9925554e+00   1.9625058e+00   1.7049062e+00  -4.5887078e-01  -1.5102614e+00   6.5650487e-02  -6.0340662e-01  -7.9968558e-01   1.4628820e+00  -5.7733508e-01  -1.6241068e+00   6.3791965e-01
  -3.1253036e+00   2.0976491e+00   2.1544196e+00  -5.9153654e-01  -1.4506890e+00   5.6921451e-01  -1.3283550e+00  -1.1465755e+00   1.3882626e+00  -7.2953756e-01  -1.2396902e+00   7.7442587e-01
  -2.6840296e+00   1.7679789e+00   1.7673770e+00  -7.5733782e-01  -1.1712284e+00  -3.4485933e-02  -1.2183663e+00  -5.4454107e-01   1.5918362e+00  -1.5273502e+00  -4.7424977e-01   1.3187247e+00
  -2.5894680e+00   8.8998425e-01   1.3249844e+00  -1.1804127e+00  -1.4453469e+00   1.6294038e-01  -7.5646273e-01   4.5292131e-01   2.4054572e+00  -1.1911539e+00  -4.8726676e-01   1.3843023e+00
  -1.8083987e+00   2.1260072e-01   9.8892809e-01  -1.0353368e+00  -1.2909564e+00  -2.0960102e-01  -1.8298618e-01   1.0502934e+00   1.7286550e+00  -1.6054410e+00  -5.6915976e-01   1.0024862e+00
  -1.9805919e+00  -1.7596405e-01   1.3161216e+00   3.2800164e-02  -1.3940710e+00   4.4209880e-03   7.0851560e-01   9.6915325e-02   8.9416390e-01  -1.5290312e+00  -2.3586617e-01   9.0367841e-01
  -4.4304150e+00   2.0145820e+00   2.6523396e+00  -1.3039178e-01  -3.8805670e-01   1.2386694e+00   8.6055430e-01   9.5735009e-01   1.9224054e+00  -1.2674814e+00  -2.8821655e-01   8.5846712e-01
  -4.4949727e+00   1.7358221e+00   2.1485619e+00   1.3959155e-01  -4.6550164e-01   3.4181312e-01  -3.7226523e-02   2.5126406e-01   1.1730046e+00  -1.0433476e+00  -7.2194134e-02   1.3043054e+00
  -5.4666019e+00   1.6172727e+00   2.0914352e+00  -5.2734635e-01  -8.3004389e-01   7.1181017e-01   5.2704163e-01   6.0915506e-01   1.8143575e+00  -6.8079475e-01  -2.7854159e-01   5.8787354e-01
  -5.1764566e+00   1.5805555e+00   1.7737715e+00  -4.8111341e-01  -1.0011708e+00   9.8680777e-01   2.4913066e-01   6.6379620e-01   1.7701076e+00  -8.0968753e-01   3.7156867e-01   9.2582005e-01
  -5.7485581e+00  -6.7441444e-01   1.8103869e+00   6.3671291e-01   2.7287642e-01   2.9305262e-01   7.7970993e-01   1.7440584e-01   9.0360739e-01   1.8278836e-01   8.1843696e-01   7.9624061e-01
  -1.1279327e+00  -2.2719925e+00   1.2948435e+00   1.4624440e+00   1.1286800e+00   7.2778213e-03  -9.7774104e-01  -1.2817097e+00  -4.9751559e-02  -6.9937708e-01   4.8185085e-02   1.2281540e-01
  -1.0146449e+00  -2.5068581e+00   1.5556770e+00   1.8321831e+00   1.6939538e+00  -2.2459724e-01  -1.4095034e+00  -1.2716656e+00   3.2651770e-01  -1.6829786e-01   5.3376468e-01   2.3221077e-01
  -2.3718544e-01  -3.4126969e+00   1.4468144e+00   2.0237193e+00   1.8415082e+00  -4.1909032e-01  -1.5016671e+00  -1.0263039e+00   2.7306131e-02   1.6373057e-01   2.7385667e-01   6.7860989e-02
  -2.3216620e-01  -3.2531417e+00   1.2365424e+00   1.7853824e+00   2.0803700e+00  -5.8705733e-01  -1.0405362e+00  -6.8907498e-01  -1.6020559e-01   2.6706225e-01   3.5479433e-01  -1.3457593e-01
  -5.0235506e-01  -3.1480624e+00   1.5363376e+00   1.3894838e+00   2.6993734e+00  -5.5682974e-01  -1.7381669e+00  -1.0073464e+00  -6.6711003e-01  -3.7910713e-02   2.4520869e-01  -1.4166750e-01
   3.8146657e-01  -2.9077423e+00   1.5275912e+00   9.6219714e-01   2.4970791e+00  -7.7886029e-01  -1.2714692e+00  -6.7315300e-01  -4.9687334e-01  -8.0860279e-02   2.2435258e-01  -3.0582164e-01
  -1.1967421e-01  -2.8521212e+00   1.1703544e+00   9.8126387e-01   2.7632487e+00  -1.0857040e+00  -4.7144119e-01  -1.5413483e+00  -1.7551104e-01  -1.4378148e-02   1.0474637e-01  -1.6149807e-02
   6.7498860e-01  -3.2143261e+00   6.8181605e-01   1.1132904e+00   2.6261328e+00  -8.6728103e-01  -4.6009587e-01  -1.5378747e+00  -4.1292426e-01   2.0926417e-02  -1.3277949e-01   3.5319731e-01
   8.1516841e-01  -2.6543457e+00   5.8434790e-01   5.1532958e-01   2.8765173e+00  -1.1187540e+00  -1.8303124e-02  -1.1460648e+00  -3.7103772e-01   3.6809927e-01   1.8710095e-01   3.4325650e-01
   9.7580556e-01  -1.6169155e+00  -2.3121117e-01   3.5688288e-01   2.9166431e+00  -1.4641081e+00   4.4906227e-01  -1.3153582e+00  -8.0769304e-01   1.6826627e-01   2.4400289e-01   4.6753869e-01
   7.5329391e-01   6.9106651e-01   2.6801418e-01   1.4197455e-01   2.2540364e+00  -2.1720984e-01   3.5619359e-02  -1.1991223e+00  -2.7338165e-01   3.6941328e-01   4.2031636e-01   7.9398545e-01
  -2.8034250e+00  -1.2608749e+00   1.6318463e+00   8.3766145e-01   1.8185684e+00   1.0465623e-01   1.6341954e-01  -3.1736370e-02  -1.6415851e-01   7.4674359e-01   9.8031425e-01   4.7726165e-01
  -6.3215928e+00  -1.4323260e+00   7.5945415e-01   1.6992251e-01   1.6554434e+00   7.4307990e-02   8.5591446e-02  -1.1062831e+00  -1.2622246e+00  -8.9596977e-01   3.7005092e-01   1.0233470e-01
  -7.3706597e+00  -1.0821540e+00   1.2747025e-01  -2.1168470e-01   8.8794428e-01  -2.6597739e-01  -1.6498460e-01  -1.0337009e+00  -4.5212174e-01  -1.7544355e-01   1.6060390e-01   5.3532019e-01
  -8.3898532e+00  -2.4192818e+00   3.2649881e-02  -9.4668617e-03   1.4215443e+00   1.5606948e-01   4.1767025e-01  -8.2712357e-01  -6.2938162e-01   7.1231055e-02   4.8908545e-01   7.5398517e-01
  -8.4420408e+00  -2.2257815e+00  -1.3374339e-02  -2.3627068e-01   8.2147258e-01   3.1952029e-01   4.3182526e-01  -9.7722160e-01   1.1750312e-01   6.8426563e-01   7.3576993e-01   3.5552800e-01
  -7.6928506e+00  -2.3043684e+00   1.2124344e-01   2.8071681e-01   1.8639196e+00   4.8728309e-01   2.4186874e-01  -1.0227432e+00  -3.8994849e-01   4.2314611e-01   6.2834550e-01   2.0825121e-01
  -7.5620190e+00  -2.3234740e+00  -2.7276267e-02  -5.4231467e-01   1.0903575e+00   2.6125688e-01   9.6286248e-01  -1.1651678e+00  -2.9466977e-01   1.3183986e-01   6.5261972e-01   7.0846185e-01
  -6.8033198e+00  -2.1079854e+00   2.9224986e-01  -6.2186409e-02   1.1692713e+00   2.5964119e-01   5.6835376e-02  -9.5589726e-01  -5.7689821e-01   2.8659284e-01   8.4394239e-01   9.4020564e-01
  -6.2947921e+00  -1.3956686e+00  -4.9395798e-01   3.9911869e-01   5.8366141e-01   2.0505688e-01   2.4835075e-01  -1.1989353e+00   1.5427422e-01   9.2628284e-03   2.3388341e-01   6.2242969e-01
  -7.8360065e+00  -5.2576939e-01  -3.5928945e-01   1.2422278e+00   5.9925813e-01   7.4153470e-01   5.6560506e-01  -6.5837974e-01  -4.6751150e-02   3.9021008e-01   7.2416371e-01   7.5086751e-01
  -8.9338544e+00   9.9307506e-02   8.1913659e-01   1.1896249e+00   7.7932521e-01   5.5507394e-01   6.3510422e-01  -5.8416544e-01   2.9380964e-01   2.1161785e-01   4.1247125e-01   6.2058679e-01
  -1.0856829e+01  -4.4789791e-01   1.5097221e+00   2.3431967e+00   1.1655332e+00   3.0084269e-01   2.7033394e-01  -5.1394915e-01   2.4416953e-01   5.2472788e-01   9.4122670e-01   9.8219727e-01
  -1.2026847e+01  -1.9928042e-01   8.3465282e-01   2.9298785e+00   1.6094105e+00   1.0415374e+00   8.9277772e-01  -8.3629061e-02   8.0390293e-01   3.8911927e-01   3.2589874e-01   7.0214657e-01
  -1.1830970e+01  -6.9314108e-01   2.2282335e+00   2.5202463e+00   1.8883065e+00   1.0614155e+00   9.5313820e-01  -4.4696339e-01   8.8101588e-01   6.5468353e-01  -2.4462181e-01   3.0136183e-01
  -1.1930140e+01  -1.0101842e+00   2.0679695e+00   2.5005387e+00   1.8213288e+00   1.1107778e+00   1.0566864e+00  -2.2358707e-01   8.9624765e-01   4.2024454e-01   1.2681311e-01   4.8037589e-03
  -1.1855000e+01  -1.2899796e+00   1.6704561e+00   2.3046209e+00   1.1315031e+00   6.5653620e-01   7.9275183e-01  -5.8264703e-01   2.4634321e-01   3.5267925e-01   1.0899149e-01  -5.2137178e-02
  -1.1263975e+01  -1.1517646e+00   1.9386457e+00   2.9161092e+00   1.6968652e+00   1.3322338e+00   1.2304829e+00  -5.5206704e-01   6.4636192e-01   2.1567680e-01  -5.7518102e-01  -4.9271398e-01
  -1.1080061e+01  -9.2078752e-01   1.3655191e+00   1.9985728e+00   1.4074715e+00   9.4816339e-01   1.0505445e+00  -7.5349094e-02   3.0181994e-01  -1.0978054e-01  -5.1012550e-01  -2.7153393e-01
  -1.1510894e+01  -1.2544930e+00   1.8408383e+00   2.0492785e+00   8.3799351e-01   6.0730283e-01   8.3501537e-01  -2.0111318e-01   1.2116050e+00   8.1056461e-01  -2.0676926e-01  -3.3691896e-01
  -1.0964414e+01  -6.3984799e-01   2.1722187e+00   2.5672006e+00   1.4360531e+00   8.7075036e-01   1.0327983e+00  -5.7433514e-01   5.3226700e-01  -1.9844743e-02  -4.5463712e-01  -6.4838224e-01
  -1.0866212e+01  -7.2552699e-02   2.6858590e+00   2.3116004e+00   8.1253561e-01   4.5593844e-01   1.3760962e+00  -1.4275320e-01   5.5871418e-01   3.4693813e-01  -3.4181120e-01  -6.2191670e-02
  -9.8109226e+00   6.7390525e-01   3.2579819e+00   2.2409378e+00   8.9017120e-01   6.2722502e-01   1.2715600e+00  -2.4480917e-01   5.2353861e-01  -1.0944198e-01  -1.3754820e-01  -1.2448929e-01
  -1.0141396e+01  -9.4819224e-03   2.1653979e+00   1.9007952e+00  -4.5903115e-02   4.5315770e-01   1.0715478e+00  -4.1506596e-01   5.0914742e-01   2.1619760e-01  -5.7064123e-02   4.9143151e-01
  -9.2099017e+00   5.6073965e-01   2.4948615e+00   2.0426185e+00   4.5168581e-01   1.0866589e+00   7.4685320e-01  -1.4866882e+00   3.0808812e-01   2.4405862e-01  -3.3577786e-01  -5.5813885e-01
  -1.2273593e+01  -1.1914311e+00   2.8911068e+00   1.6281272e+00   1.4848059e-01   1.4530848e+00   1.1599048e+00  -6.0190769e-01  -3.9605227e-02   3.6405870e-01  -3.8175540e-02   2.0946343e-01
  -9.7921235e+00   1.0695062e+00   2.7183253e+00   1.2015415e+00   1.6583421e+00   1.0525223e+00   5.9377327e-01  -2.3180104e-01   2.2513414e-01   6.6219621e-01   1.5652751e-01  -2.4039427e-01
  -8.9812493e+00   9.3532015e-01   2.1615251e+00   1.5462377e+00   1.0415467e+00   1.6380478e+00   1.5430379e+00  -3.9299456e-01   7.0199540e-01   3.9521522e-01   2.3324146e-01   2.8380886e-01
  -7.6513531e+00   6.0761779e-01   1.3409021e+00   1.3685281e+00   6.7736453e-01   2.3501096e+00   1.6803793e+00   4.1334099e-01   1.4461072e+00   8.8261385e-01   4.7515070e-01   3.5598981e-01
  -7.0279214e+00   1.5217493e+00   2.1496146e+00   1.4818727e+00   1.9210473e-01   1.8875914e+00   8.9570448e-01  -8.3286623e-01   5.4281522e-01  -4.5605317e-01  -7.4948695e-01   2.1487750e-01
  -7.4511397e+00   3.3657105e-02   2.2998221e+00   2.3824369e+00   3.2614505e-01   1.9132537e+00   6.4608195e-01  -1.5363101e-01   1.0946765e+00   6.4169452e-01  -1.6273091e-01   3.6775414e-01
  -7.1293598e+00   9.7613287e-01   2.4526767e+00   2.2578869e+00   4.7482043e-01   2.0576301e+00   9.0077083e-01  -3.4083899e-01   1.0293378e+00   1.2825041e-01  -1.8276061e-01   8.8657650e-01
  -7.8399121e+00   5.3485205e-01   2.0376005e+00   2.0426731e+00   7.3840804e-01   1.5606337e+00   4.9801094e-01  -5.9206404e-01   7.4874678e-01   7.0163218e-01   3.1269046e-01   7.8494761e-01
  -7.9105708e+00   1.4577663e-01   2.1714515e+00   1.9102125e+00  -2.2852601e-01   1.7022720e+00   7.5800262e-01  -2.0627178e-01   1.0619705e+00  -8.8064317e-02  -2.4386095e-01   1.6659636e-01
  -7.8709866e+00  -6.1007012e-01   1.2961682e+00   1.8656237e+00   9.3297078e-01   1.6407320e+00   4.5460360e-01   2.9685464e-01   1.0889464e+00   4.9792604e-01   2.1232858e-01   1.5015548e-01
  -8.5632285e+00  -1.2847928e+00   6.2752539e-01   1.8992360e+00   8.6298447e-01   1.6547557e+00   1.0627557e-01  -9.0589329e-01  -3.7847101e-02  -3.5692162e-01  -4.7177515e-01  -7.2402101e-03
  -7.6187816e+00  -4.0369039e-01   1.1001115e+00   1.2387970e+00   7.3539127e-01   1.3484284e+00   3.9394597e-01   2.5431357e-02   5.0788675e-01  -4.2943176e-01  -4.7942234e-01  -2.6223109e-01
  -8.9038098e+00  -4.8355643e-01   1.5510191e+00   1.7759740e+00   1.6511602e+00   1.1637718e+00   9.6207873e-01   3.9031672e-02   1.1887664e-01   5.4489345e-02  -1.3713858e-01   3.3543317e-01
  -8.7666015e+00  -5.5758684e-01   1.3894343e+00   1.7507242e+00   1.3368250e+00   7.2825622e-01   1.0109410e+00   3.8552513e-01   8.2858600e-01   6.7214638e-01   4.1141498e-01   4.6299936e-01
