  -2.7924210e+00   1.8851017e+00   1.1500550e+00   1.9348542e+00   4.3255764e-01   8.7372764e-01   7.5103277e-02   1.0354502e-01   5.1977674e-01  -1.4053271e-01   1.2170184e-01   1.5658021e+00
  -4.8470561e+00   9.2204425e-01   9.1647532e-01   2.4333187e+00   1.2601849e+00   1.6815844e+00   3.7575421e-01   3.3114936e-01   1.0705984e+00   4.4710534e-01   4.3221152e-01   1.0271566e+00
  -6.3852574e+00   1.0913766e+00   1.0315193e+00   1.7390122e+00   1.0023349e+00   1.7207245e+00  -1.5776934e-02  -5.1311927e-01   6.0968912e-01   2.1596029e-01  -2.7905984e-01   7.4331021e-01
  -8.3156484e+00   9.5169640e-01   1.6554427e+00   1.0670303e+00   3.6963302e-01   5.2245003e-01  -6.0407014e-01  -6.0360601e-01   5.2125366e-01  -5.9816630e-01   1.2170227e-01   1.5359873e-01
  -6.9461072e+00   1.8880196e+00   8.3881632e-01   1.9533952e+00   1.4542880e+00   1.2172193e+00   7.9218948e-01  -4.2183288e-01   1.2249280e+00   9.9675928e-01   2.7339030e-01  -4.7401387e-01
  -6.8414178e+00   1.9898220e+00   4.2684106e-01   1.9014843e+00  -7.3909946e-01   7.4648547e-01   1.2777964e-01  -1.3242061e+00  -2.4917588e-01   4.4810935e-01   4.0602108e-03   1.4806177e-01
  -7.7229312e+00   1.8983773e+00   3.4130902e-01   1.2344915e+00   2.3958870e-01   5.9258052e-01  -1.5633399e+00  -8.5346487e-01  -1.0878795e-01  -5.5393012e-01  -3.5710648e-02  -9.5312122e-01
  -7.3098458e+00   5.6989344e-01   8.9573744e-01   9.3479509e-01  -1.6713436e-01   6.2872471e-01   5.9537585e-01  -5.3549339e-01   4.8007342e-01  -1.8180229e-01   8.8132351e-02   4.5634717e-01
  -7.7572234e+00   7.0890165e-01   2.0136550e+00   1.2530798e+00  -2.9689410e-01   6.1575840e-01   6.3653039e-01  -4.8360334e-01   7.8048634e-01   1.2664602e-01  -2.1047263e-01  -6.9171392e-01
  -5.8866194e+00   2.1267331e+00   2.3731080e+00   1.0182705e+00  -1.3442619e+00  -4.8795339e-01   1.1527757e+00  -1.6554209e-01   8.0350106e-01  -9.6053256e-02  -5.4012481e-01  -8.7207027e-01
  -1.9414814e+00   1.8263648e+00   6.2511292e-01  -5.3721640e-01  -2.6554918e+00  -8.6689082e-01   8.4883990e-01   1.2492146e+00   7.2549678e-01  -6.9123492e-01  -2.1918381e-01   1.3605386e-01
  -9.3495298e-01   6.5010035e-01  -2.2302030e-01   2.1278379e-01  -1.6298140e+00  -1.4485229e+00   6.3862080e-01   1.4496637e+00   1.1109128e+00  -7.0138313e-01  -7.3202644e-02   3.5246741e-01
  -1.4984743e+00   1.3720571e+00  -9.1429048e-01   8.3960988e-01  -1.5719017e+00  -1.3510829e+00   6.1724940e-01   1.3040147e+00   5.3834287e-01  -4.6481694e-01  -4.1957783e-01   5.0334568e-01
  -1.3791244e+00   4.7053047e-01  -3.0755730e-01   8.7796625e-01  -6.8786445e-01  -1.0482355e+00   1.0045772e+00   6.2728346e-01   3.0730904e-01  -1.0744809e+00  -2.3786450e-01   5.8362297e-01
  -4.9799021e+00   1.3380453e+00   1.7867180e+00   5.5379690e-01  -3.6374270e-01  -3.6333833e-02   9.6495222e-01  -1.1432189e-01   3.8091125e-01  -4.1543666e-01  -3.0089328e-01  -2.6025957e-01
  -4.9820522e+00   2.0382373e+00   1.4619865e+00   3.2079158e-01  -9.3604514e-01  -1.2013546e-01   7.1193565e-01   3.1977092e-01   1.9004293e-01  -5.8954172e-01   2.5854067e-02   4.4891049e-01
  -5.0457215e+00   2.4557194e+00   1.3391136e+00   1.7164699e-01  -5.7771812e-01   3.0882632e-02   6.5365504e-01   8.2056522e-02   3.8877612e-01  -3.6303332e-01  -2.5540853e-01   1.5417874e-01
  -2.4093150e+00   6.4073173e-01   8.9183204e-01   1.3399491e+00  -7.9160329e-01  -1.2982790e+00   1.1752362e+00   3.8639960e-01  -1.9115789e-01  -1.4830766e+00  -4.1459230e-01   6.7080661e-01
  -5.4957544e-01   8.2689657e-01  -5.7104140e-01   4.7082986e-01  -1.1996744e+00  -2.0535378e+00   4.8869831e-01   9.8817149e-02   3.8882476e-01  -1.4172973e+00  -6.4723376e-01   4.5482253e-01
  -7.4744865e-01   1.7424308e+00   4.8272855e-02   4.6701758e-01  -1.0928967e+00  -2.0031596e+00   1.1159157e-01   1.7617151e-01   9.0948554e-01  -1.0558512e+00  -6.3468989e-01  -8.1559640e-02
  -1.9929240e-01   1.4008565e+00   1.2585776e-01   9.4833036e-01  -1.6808031e-01  -7.9492491e-01   1.8685749e-01   1.3293031e-01   7.5685739e-01  -6.9909195e-01  -6.7117414e-01  -4.6881611e-01
  -5.4124879e-02   8.4510304e-01   7.2314157e-03   1.5564578e+00  -3.9302554e-01  -6.8873893e-01   2.2255263e-01   5.7019218e-01   1.0460563e+00  -6.6613889e-01  -4.4883178e-01  -3.3612101e-01
  -6.5156171e-02   9.4634453e-01   1.8366707e-01   1.0661719e+00   7.3326270e-02  -1.0340546e+00  -3.6433889e-02  -4.3695517e-02   6.4150678e-01  -4.3652058e-01  -2.5136536e-01  -1.9801098e-01
   1.5106407e+00  -1.3726176e-02  -8.8224079e-01   9.9681461e-01  -1.2988265e+00  -1.9396925e+00   1.1110506e-01   1.0265368e+00   1.0933773e+00  -2.2203403e-01  -4.7401928e-02   3.5821026e-01
   1.5507336e+00  -1.1903964e+00  -1.1537578e-01   6.6144985e-01  -1.0295580e+00  -2.1309485e+00   9.0137276e-01   1.0975581e+00   8.6777513e-01  -5.6590053e-01  -7.2885057e-01   1.6351982e-01
   4.7301779e-01  -1.6939102e+00   3.6212647e-01   1.0490424e+00  -1.4971273e+00  -1.1229387e+00   1.5585629e+00  -4.6789753e-01   5.9162200e-01  -8.9518472e-01  -7.9694728e-01   7.1075288e-01
  -8.4308129e-01   4.2163975e-01   3.1096673e-01   1.0453578e+00  -2.6878020e-01  -7.8056435e-01   1.1227628e+00   6.1428115e-01   1.1022672e+00  -1.6582685e-01  -3.9373906e-01   5.7461330e-01
  -1.5560688e-01   1.3042633e-01   5.3806525e-01   8.9312903e-01  -8.4119079e-01  -6.9337418e-01   8.2891736e-01   4.9809283e-02   5.2797498e-01  -5.5389143e-01  -4.2687204e-01   6.1398433e-01
  -1.1926450e+00  -4.5862656e-01   2.4864815e-01   1.0722574e+00  -6.5439020e-01   1.0766822e-01   1.1831641e+00   9.2524717e-01   1.1708319e+00  -3.6449492e-01  -3.9298344e-01   4.4148081e-01
  -3.9740910e+00  -1.8933460e+00   4.7256108e-01   8.8060804e-01  -4.4668805e-01   1.7384701e-01   7.0833347e-01  -1.2765335e+00   4.0825992e-01  -5.2925244e-01   1.5917467e-01   1.4512545e-01
  -3.7228288e-01  -2.1702430e+00   1.0751623e+00   1.6632835e+00   1.0911420e+00  -3.9217585e-01   4.0639698e-01  -2.2499805e+00   8.3327068e-02  -7.7315256e-01   6.0413543e-01   1.3442677e-01
  -6.3790213e-01  -2.4899376e+00   5.9389589e-01   2.1519494e+00   1.5730288e+00  -5.2366614e-01  -7.9285309e-01  -1.5990108e+00  -3.6866529e-01  -2.7476065e-01   9.4745282e-01   2.1747334e-01
  -1.5618714e-01  -2.7961271e+00   7.9844213e-01   1.9772393e+00   1.6793218e+00  -7.1432882e-01  -7.9519706e-01  -1.4848070e+00   2.7998761e-02  -2.3427156e-01   5.1738242e-01   3.7484214e-04
  -1.5104136e-02  -3.0039365e+00   9.9772792e-01   1.5397574e+00   2.0379360e+00  -3.8996294e-01  -1.1092385e+00  -7.5442862e-01  -3.4099042e-01   2.4003748e-02   4.7732543e-01   6.9297830e-02
   2.7231374e-01  -3.5860947e+00   9.1484452e-01   1.7489401e+00   2.1357691e+00  -6.0567662e-01  -1.4149744e+00  -1.1209420e+00  -4.5053867e-01  -9.5966263e-02   6.3380887e-01  -8.2123695e-02
   6.1820515e-01  -3.3804406e+00   6.9767233e-01   1.3845351e+00   2.4693642e+00  -7.9803495e-01  -1.2897949e+00  -6.6219153e-01  -6.0871394e-01   3.2430904e-01   4.4830186e-01  -2.1975313e-01
   5.5200988e-01  -3.3466215e+00   7.8542130e-01   1.2276134e+00   2.3888417e+00  -6.9640144e-01  -9.2014809e-01  -1.0801453e+00  -3.3506640e-01   2.4102196e-01   7.4887231e-01   1.3935314e-02
   9.1143620e-01  -3.6520501e+00   4.0184955e-01   1.2010987e+00   2.1653727e+00  -4.1793144e-01  -1.3095722e+00  -1.1185503e+00  -2.9316804e-01  -2.6407105e-01   7.8475855e-01  -8.8612018e-02
   1.0826373e+00  -3.0333457e+00   6.6302812e-01   4.3344613e-01   2.7693101e+00  -1.2536980e+00  -4.1419640e-01  -1.1266233e+00  -5.5190425e-01   1.2022483e-01   5.9423123e-01   2.6064853e-01
   6.3962785e-01  -3.3161084e+00   5.9136339e-01   1.1476119e+00   2.5641230e+00  -1.3015509e+00  -3.7213493e-01  -1.6489495e+00  -1.2470407e-01   2.4735686e-01   9.0838654e-01   5.5357647e-01
   2.9269922e-01  -7.9970437e-01   2.6619625e-02   5.3159842e-01   2.6207022e+00  -8.4884171e-01  -3.3011231e-01  -8.8870733e-01  -3.9349688e-01   5.7946007e-01   6.8997569e-01   1.7363900e-01
  -1.5568201e+00  -1.6837288e-01   2.6674970e-01   1.5614815e+00   2.4762606e+00  -1.5360615e-01   5.8612013e-02  -7.7715747e-01   3.3009641e-01   1.2237866e+00   9.4864153e-01   2.1764675e-01
  -3.8579171e+00   6.0303462e-02   1.1937165e+00   2.3336254e+00   2.7773857e+00   5.4185423e-01  -3.5072438e-01  -1.5742744e+00  -1.6669170e-01   4.2171990e-01   8.8399680e-01   6.6295722e-01
  -5.9886732e+00  -6.4406523e-01   1.0471745e+00   1.1131756e+00   1.7913947e+00   2.6075758e-01   2.8245027e-01  -8.4203341e-01  -6.2869181e-02   5.7810915e-01   5.2277034e-01   4.5495629e-01
  -8.2924847e+00  -1.5359843e+00  -4.9798076e-02   3.8037421e-01   1.4413207e+00  -6.0094652e-02  -4.5524683e-01  -1.1164891e+00  -1.4837729e-01  -3.5314961e-01   1.3986768e-02   1.9266430e-02
  -8.9393939e+00  -1.7133693e+00   2.3484680e-01   2.7081946e-03   9.1041999e-01  -9.4244942e-02  -4.9489327e-01  -1.2759424e+00  -2.6646347e-01   6.4923620e-01   1.1039653e+00   3.4115802e-01
  -8.2986783e+00  -1.8236969e+00  -3.7158968e-01   2.7447329e-01   1.7600593e+00   6.9021012e-01   7.6748311e-02  -1.8007399e+00  -6.2204739e-01   5.0552089e-01   1.0216178e+00   7.9512911e-01
  -7.9686436e+00  -1.7415751e+00   2.5625000e-01   5.7204693e-01   1.3476254e+00   3.0611334e-02  -1.9944019e-01  -7.5331587e-01  -1.1597454e-01   1.7768720e-02   8.3235651e-01   7.2512146e-01
  -8.5045467e+00  -2.6330436e+00  -8.0827444e-01  -5.0409397e-01   1.2872170e+00   1.3524860e-01  -7.4858993e-01  -1.9130770e+00  -8.2313500e-01   1.1411241e-01   9.9801783e-01   5.3278523e-01
  -7.9199852e+00  -2.9645851e+00  -5.1604051e-01  -2.3288918e-01   1.0699254e+00  -4.5703603e-01  -8.0154328e-01  -1.7149208e+00  -1.1479947e-01   5.6260966e-01   1.2656808e+00   8.4428972e-01
  -7.1450579e+00  -2.6953784e+00  -4.4058587e-01   2.6509383e-01   1.7814392e+00  -1.4674005e-01  -6.2893901e-01  -1.8368332e+00  -6.7667489e-01  -1.6345435e-02   1.0962109e+00   6.0862729e-01
  -6.4492206e+00  -2.6548364e+00  -1.3404723e+00  -5.8836569e-01   6.5480480e-02  -2.8874717e-04  -2.6419007e-01  -1.5092779e+00  -7.0662289e-01   1.8659007e-01   8.2619737e-01   7.5089891e-01
  -5.7586691e+00  -1.6727971e+00  -3.9933008e-01   9.2021284e-01   6.6806396e-01   3.0115490e-01   1.0478133e+00  -1.0380667e+00  -7.7029798e-01   1.9909725e-02   8.9625089e-01   1.1208736e+00
  -5.4511198e+00  -1.1703536e+00   1.5413172e-01   1.2667544e+00   1.3979930e+00   1.1536888e+00   1.0561028e+00  -5.7483516e-01   2.9073622e-02   4.3228857e-01   5.6930482e-01   9.3478042e-01
  -6.6197972e+00  -1.5498318e+00   8.2177617e-01   4.0684630e-01   1.7176015e+00   1.1883523e+00   8.0328490e-01  -2.2948375e-01  -5.7032829e-01   3.9273544e-01   4.5646792e-01   3.2655915e-01
  -6.7243172e+00  -1.0475890e+00   6.5493921e-01   9.1998261e-01   1.6052307e+00   1.1923678e+00   1.0118790e+00  -4.8490722e-01   2.9873208e-01   3.1522770e-01   5.3539070e-01   1.1373165e+00
  -7.7604846e+00  -1.9569962e+00   2.1424923e-01   5.8245066e-01   1.4227875e+00   1.6612777e+00   1.6880906e+00  -1.5642953e-01   1.6642405e-01   3.9399010e-01   3.7669282e-01   5.8874900e-01
  -6.5759557e+00  -1.2366467e+00  -5.1297572e-02   7.6879347e-01   1.4493841e+00   1.9528084e+00   1.4367639e+00  -2.3122795e-01   7.1053212e-01  -2.8088163e-01   2.6931237e-01   9.2514496e-01
  -6.6659358e+00  -9.1243029e-01   1.7622863e-01   1.1179335e+00   4.3321192e-01   1.5956575e+00   7.1637830e-01  -7.8704516e-01  -3.2683336e-01  -3.1525057e-01   1.2534844e-01   6.6712020e-01
  -6.7336392e+00  -1.6256075e+00  -7.6086150e-02   1.6761640e+00   9.1230221e-01   1.9035448e+00   1.1173922e+00  -2.2173267e-01   3.2140629e-01   3.8875936e-02   5.2891238e-01   5.1561869e-01
  -6.2614089e+00  -1.3500585e+00   1.2733104e+00   1.8331980e+00  -2.7353754e-02   2.2000058e+00   9.0897524e-01  -1.0990094e+00   1.2064391e-01   5.6981169e-01  -3.6112334e-03  -4.3301589e-03
  -6.3707070e+00  -7.4952454e-01   1.5993734e+00   2.7780141e+00   7.6351003e-01   2.2194362e+00   8.5325565e-01  -8.2770760e-01   8.5758244e-02   1.5032430e-01  -4.3002107e-01   8.7410093e-02
  -6.8191352e+00  -9.2435005e-01   1.6216583e+00   1.6263044e+00   2.6063504e-01   2.2790621e+00   5.8694703e-01  -2.8228669e-01   1.1307435e+00   7.4301640e-01   1.1118791e-02   9.8924667e-02
  -6.0780898e+00   1.7263720e-01   1.3491985e+00   1.7244739e+00   4.3001277e-01   2.0923098e+00   8.7181335e-01  -1.4760563e-01   5.6565519e-01   2.9417899e-01   3.7099736e-02   5.7188324e-01
  -5.5270097e+00  -2.3452483e-01   1.2336539e+00   1.9135859e+00   1.3131201e+00   3.0999034e+00   3.6670415e-01  -1.1464753e+00   8.3797897e-01   7.0298417e-01   5.2871963e-01   3.1306635e-01
  -7.1192043e+00   2.4932614e-01   1.5546445e+00   1.8975966e+00   9.7374566e-01   2.0194424e+00   1.1129093e+00  -2.6440622e-01   5.9849222e-01   4.8131230e-01   2.3415536e-01   3.8520730e-01
  -6.3814364e+00  -1.5202589e+00   6.9034825e-03   1.7941153e+00   1.9413769e+00   1.5582676e+00   9.8539274e-01   3.2556904e-01   5.8704232e-01  -3.3892067e-01   2.3589234e-01   9.3064016e-01
  -5.6058715e+00  -1.5121330e+00   8.4028339e-03   1.7638126e+00   1.6669467e+00   1.6754650e+00   7.6788421e-01  -3.5295485e-02   5.2751684e-01   5.4314333e-03   6.2742818e-01   8.0224123e-01
  -5.5338737e+00  -1.6873515e+00   1.0464326e-01   2.1425624e+00   8.7545123e-01   9.4558359e-01   5.4064131e-01   3.2683416e-01   6.9050013e-01   1.4429525e-01   5.1022309e-01   9.3738717e-01
  -5.2687901e+00  -1.6764917e+00  -3.6594961e-01   1.9994362e+00   1.1880097e+00   1.2723596e+00   1.0948925e+00   9.5338686e-01   1.3230791e+00   2.4619907e-01   1.0668363e-01   5.7377432e-01
  -5.5339562e+00  -1.3165742e+00  -3.1341279e-01   1.8079319e+00   1.0767902e+00   1.3058129e+00   3.4485599e-01  -3.6038423e-02   1.2576528e-01  -8.6487488e-01  -2.8070699e-01   8.6972390e-01
  -4.8219307e+00  -5.7203190e-01  -2.8241034e-01   1.3304504e+00   9.2033575e-01   1.7173431e+00   9.0476537e-01   5.9740004e-01   1.0614844e+00   4.5656509e-02   2.3043107e-01   1.0433373e+00
  -7.7000492e+00   4.6533620e-01   1.5094408e+00   1.7854366e+00   1.8226379e+00   9.6709487e-01   1.0882413e+00  -3.8805929e-01  -1.9096847e-01   7.2676323e-01   7.3376369e-01   5.3501248e-01
  -9.8208961e+00   4.2648714e-01   1.8651321e+00   1.4513994e+00   1.7325175e+00   6.8525001e-01   1.0371563e+00  -2.6329814e-01   1.2054504e-01   5.7659653e-01   8.7166513e-01   4.1650623e-01
  -1.1721200e+01  -3.8009104e-03   1.6136651e+00   8.0844807e-01   1.4927581e+00   1.2512054e+00   1.1804636e+00  -4.5609737e-01   2.8011130e-01   2.9466475e-01   4.3361302e-01   3.8297993e-01
  -1.2102343e+01  -3.8400506e-01   1.3012748e+00   1.5101691e+00   2.0674487e+00   1.1924125e+00   9.5125748e-01  -7.4885708e-01  -3.2604045e-01  -3.2368709e-01   2.2380714e-01   5.4888748e-01
  -1.1834191e+01  -9.8743279e-01   6.3472487e-01   1.7227544e+00   2.0159279e+00   1.2166185e+00   1.4630947e+00   2.0542524e-01   2.8528938e-01   3.9358466e-02   2.5216754e-01   6.1858159e-01
  -1.2628350e+01  -4.0075749e-01   1.1805469e+00   2.2013719e+00   1.7823976e+00   1.0382037e+00   1.1203602e+00   5.3359145e-02   5.5563795e-02  -5.2175584e-02  -3.0594285e-02   2.5249062e-01
  -1.3972499e+01  -7.8546817e-01   1.2324968e+00   1.8062487e+00   1.9282132e+00   1.1857072e+00   5.4644980e-01   5.3075774e-01   6.9984809e-01   7.1527035e-02   1.8725148e-01   5.5237511e-01
  -1.2810316e+01  -4.6056770e-01   1.5783883e+00   3.3684379e+00   2.5130916e+00   1.2800510e+00   1.9428875e+00   5.6233762e-01   1.7394218e-01  -6.4777182e-03  -2.2600549e-01   3.0763480e-01
  -1.3557682e+01  -7.9123003e-01   1.0637590e+00   2.3329704e+00   1.5162337e+00   2.8105685e-01   9.5243411e-01   1.3608546e-01  -4.9974694e-02  -1.6825890e-01   5.9593526e-02   4.0529880e-01
  -1.2706394e+01  -5.8784342e-03   1.6981693e+00   3.2235388e+00   2.6043243e+00   9.4367241e-01   7.6067931e-01  -4.1884460e-01  -1.5308191e-02   1.8588298e-01   1.5737507e-01   3.8532920e-01
  -1.2795308e+01  -4.5680879e-01   1.5706669e+00   2.9529443e+00   2.2077818e+00   2.6521577e-01   7.3958969e-01   4.9222886e-02   7.6229477e-01   5.6782730e-01   4.6669165e-01   4.5907049e-01
  -1.2783565e+01  -1.3181244e-01   1.2073175e+00   2.6314880e+00   2.1319827e+00   4.7396579e-01   1.2572339e+00   1.0133731e-01   4.0847417e-01   8.3352664e-01   3.7322104e-01   5.0495306e-01
  -1.1841382e+01   3.0713464e-01   7.0998063e-01   2.2678492e+00   2.2397926e+00   4.2348114e-01   1.1168342e+00  -2.2657087e-01   2.5002094e-01   9.6968547e-01   3.8347816e-01  -9.4331663e-03
  -1.1176528e+01  -3.0605027e-01   3.0201192e-01   8.0828069e-01   1.7698460e+00   5.6582478e-01   1.4797377e+00   1.5016925e-01   4.2892761e-02  -2.9204725e-01   7.1273590e-02   4.1459061e-01
  -1.0213781e+01  -4.8153831e-01   7.5767600e-01   1.5720829e+00   2.3443400e+00   1.0882656e+00   1.9562031e+00   1.5048767e-01  -1.5288431e-02  -2.7454412e-01   3.8693002e-01   1.9099823e-01
  -9.1257512e+00  -6.1521285e-01   1.1045952e+00   1.3817379e+00   1.6506340e+00   3.4289246e-01   1.1853496e+00   1.0914416e-01   6.7306458e-01   1.0167515e-01   2.5865413e-01   8.1357691e-01
  -9.4889698e+00  -1.1275258e+00   7.5539124e-01   1.1011083e+00   8.8744652e-01  -5.0146080e-01   7.0204360e-01  -1.8284726e-01  -8.3774033e-02  -4.0487915e-03   3.0767532e-01   8.8944750e-01
  -8.0512872e+00  -5.3543043e-01   7.5956191e-01   4.9400077e-01   7.3773278e-01  -3.2280944e-01   7.1814743e-01  -2.6417661e-01  -6.1821047e-02   4.2460542e-01   4.5838247e-01   8.6792855e-01
  -7.5705134e+00  -3.1096631e-01   1.6862064e+00   1.3369163e+00   1.1316568e+00   1.9210123e-01   1.5739183e+00   4.7763230e-01   3.0521950e-01   4.8866509e-01   3.5016761e-01   3.5329775e-01
  -7.7626617e+00  -4.4948408e-02   1.5664486e+00   1.0672680e+00   1.0240134e+00   7.2997544e-01   1.4215735e+00   5.2391937e-01   3.9237128e-01   3.9856136e-01   4.9747904e-01   1.1486167e+00
  -8.5385873e+00  -5.6238152e-01   1.1029009e+00   8.9261061e-01   8.7100810e-01   7.0781231e-01   1.0535060e+00  -4.8409330e-02   1.1179540e-02   3.3768484e-01   5.2960192e-01   6.0712002e-01
  -8.9038098e+00  -4.8355643e-01   1.5510191e+00   1.7759740e+00   1.6511602e+00   1.1637718e+00   9.6207873e-01   3.9031672e-02   1.1887664e-01   5.4489345e-02  -1.3713858e-01   3.3543317e-01
  -8.7666015e+00  -5.5758684e-01   1.3894343e+00   1.7507242e+00   1.3368250e+00   7.2825622e-01   1.0109410e+00   3.8552513e-01   8.2858600e-01   6.7214638e-01   4.1141498e-01   4.6299936e-01
