  -1.1398692e+01   4.4868080e-01   1.6513532e+00   1.9748278e+00   1.3578754e+00   6.3699088e-01   1.3051717e+00   2.1217303e-01   1.9521808e-01   4.4542002e-02   6.3111853e-02   3.7346704e-01
  -1.3225015e+01  -1.2699765e+00   1.0097770e+00   2.0508347e+00   1.3741692e+00   5.7056474e-01   5.2786641e-01   2.5392150e-01   2.9986850e-01   5.5728691e-02   9.9096752e-02   7.1342122e-02
  -1.3631253e+01  -1.2146180e+00   1.4630727e+00   2.2338273e+00   1.7568988e+00   7.2053807e-01   7.8491301e-01   3.3843309e-01   6.9938173e-01   3.7832244e-01   8.0465397e-02   2.0660453e-01
  -1.3500842e+01  -4.0137523e-01   1.8956232e+00   2.3636955e+00   1.8889978e+00   6.6887018e-01   1.5576888e+00   2.3716367e-01   1.7809641e-01  -1.3855462e-01  -2.0850810e-01   5.2784378e-02
  -1.3523740e+01  -3.9300013e-01   1.6829429e+00   2.9984133e+00   2.0966916e+00   1.0577353e+00   1.4728503e+00   1.7225444e-01   7.3251658e-01   7.4778450e-01   3.8702401e-01   2.1713538e-01
  -1.3247953e+01  -4.0733260e-01   1.2807839e+00   2.8033089e+00   2.1378239e+00   7.9964118e-01   1.1928977e+00   7.6187886e-02  -3.7225123e-02  -1.1241566e-01  -1.0493377e-01  -2.7087848e-01
  -1.2702589e+01  -4.4876722e-02   1.8264198e+00   2.2842669e+00   1.9026656e+00   1.0273167e+00   1.0646543e+00   2.2324686e-01   4.1106043e-01   4.8262952e-01   1.8116095e-01  -6.0251157e-04
  -1.1889133e+01  -8.4096508e-02   1.0544946e+00   1.2162600e+00   8.6863688e-01  -4.4310338e-03   9.0716133e-01  -2.5234681e-01   4.4844610e-01   5.2975323e-01  -5.6196361e-02  -3.5904306e-02
  -1.0818721e+01  -4.3810044e-01   8.4453560e-01   1.2028717e+00   1.1648278e+00   7.1344207e-01   1.6767148e+00   7.0934906e-01   1.2139844e+00   4.0798321e-01  -1.3811680e-01  -5.5233493e-01
  -1.1173899e+01   5.1521193e-02   1.3962731e+00   9.0740780e-01   6.7524966e-01   1.0691593e-01   1.3179568e+00   2.7258817e-01   1.1327023e+00   4.5470849e-01   7.4014629e-03  -1.3666793e-01
  -1.1090918e+01  -1.9605962e-01   1.5523237e+00   1.3711766e+00   1.5864467e+00   5.6663486e-01   1.5324700e+00   3.1640139e-01   4.6135087e-01   2.9261050e-01  -1.9389510e-01  -2.5328516e-01
  -9.0631396e+00   4.2921188e-01   1.6610699e+00   1.4958801e+00   1.1657026e+00   6.3263927e-01   1.8425772e+00   9.0057316e-01   9.4690363e-01   9.3979995e-02  -1.9902265e-01   5.5127126e-02
  -7.7974607e+00  -8.5275344e-02   8.2488056e-01  -1.8674412e-01  -1.2706614e-01   1.9051576e-01   2.5728091e+00   2.0413242e+00   1.9134719e+00   5.1659510e-01  -5.5731215e-01   1.4055889e-01
  -1.4950575e+00   3.0652533e-01   9.4502053e-02   6.4005204e-02  -9.9128646e-01  -1.3859576e+00   1.0841756e+00   1.2233744e+00   5.7351200e-01  -4.4264347e-01  -5.1657642e-01   4.1501112e-01
  -7.1519266e-01  -5.7237354e-01  -3.5037922e-01   1.0672525e+00  -2.1172922e+00  -6.0161182e-01   1.1921183e+00   4.5225957e-01   4.0567826e-01  -4.3386343e-01  -6.9238412e-01   7.4444519e-01
  -2.1879265e+00   1.7166984e+00   7.6631678e-01   1.2331701e+00  -8.1792757e-01  -1.6113783e-01   3.7551139e-01  -8.8047262e-02   4.6691900e-01  -1.0313751e+00  -7.7801207e-01   1.3838297e-01
  -1.4496279e+00   1.3082179e+00   3.2811175e-01   7.0395028e-01  -5.9341390e-01  -2.9055001e-01   6.0280965e-01  -5.3944929e-01   2.7331722e-01  -7.5387109e-01  -5.6733713e-01   7.6858882e-01
  -1.6970327e+00   1.0953906e+00   6.3683944e-01   1.2067276e+00  -1.1214780e+00  -3.9936339e-01   1.1704511e+00   1.9665679e-01  -5.1782169e-02  -5.3883610e-01  -4.5458668e-01   5.9459003e-01
  -3.2399101e+00  -2.0461100e-01   9.9520589e-01   5.7036410e-01  -1.1195869e+00  -5.2930620e-01   1.1539359e+00  -5.6498374e-01   2.3933893e-02  -9.4550208e-01   2.6343891e-01   2.4284076e-01
   1.2582747e+00  -4.0393503e-01  -1.1369207e+00   6.9707514e-01  -1.5968761e+00  -9.7657571e-01   6.4173892e-01   1.2451914e-01   1.6978404e-01  -1.2054885e+00  -6.1698996e-01   6.9456546e-01
   1.3250524e+00  -5.3088227e-02  -1.5072890e+00   5.7986936e-01  -1.3896459e+00  -2.2772848e+00   4.2857973e-01   9.5553352e-02   3.9442159e-02  -5.6531113e-01  -9.2248185e-01  -2.1897143e-01
   9.6293448e-01   1.6465945e+00  -4.9917007e-01   5.5941471e-01  -9.9714467e-01  -1.5816016e+00   9.1791138e-02   3.0076587e-01  -3.8406568e-02  -6.9401710e-01  -7.8358915e-01  -2.0170087e-01
   1.1481935e+00   2.0694387e+00  -2.3421116e-01   4.1027083e-01  -5.5453511e-01  -9.3396529e-01  -4.7138046e-01   4.2548513e-01   7.2339083e-01  -7.1479415e-02  -8.7680066e-01  -5.0509324e-01
   9.9752208e-01   1.5644384e+00  -5.4052459e-01   7.5331728e-01  -7.3921190e-01  -1.2678081e+00  -6.0853983e-01   4.9532424e-01   3.8181691e-01  -3.6534457e-01  -6.6337080e-01  -1.1828744e-01
   4.2368693e-01   1.0008552e+00  -2.7309225e-01   7.9547318e-01  -8.4188938e-01  -6.2630870e-01  -7.9271305e-01   2.0741518e-02   2.7193917e-01  -4.9241182e-01  -1.5612318e-01  -3.1959618e-01
   8.9540188e-01   9.1919651e-01  -5.9386093e-01   9.4518471e-01  -1.1153346e+00  -1.7548912e+00   3.2682540e-02   7.6875930e-01   5.9020328e-01  -6.1946255e-01  -9.0547960e-02   4.7574381e-01
   1.2661502e+00  -7.1680913e-01  -7.6725011e-01   5.1286403e-01  -1.4595193e+00  -1.4185137e+00   1.7883902e-01   1.8475922e+00   1.2073026e+00  -5.1196219e-01   6.4277677e-02   1.6046201e-01
   1.4097320e+00  -1.3961455e+00  -7.7955201e-01   7.5164924e-01  -1.8480102e+00  -8.0275264e-01   6.5206113e-01   1.0693422e+00   4.3527479e-01  -1.3785939e+00   2.1373656e-01   1.6446746e-01
   8.9333160e-01  -1.0657575e+00  -2.0486976e-01   1.5283866e+00  -1.6802710e+00  -4.4807631e-01   8.1110387e-01   8.5352390e-02   4.6667542e-01  -1.3735297e+00   5.5098465e-01   5.0537647e-01
   5.2349916e-01   6.7965515e-01  -2.1037483e-01   3.3127327e-01  -1.5005860e+00  -5.6792294e-01   6.0740784e-01   9.3266060e-01   1.2360785e+00   2.6001886e-02   2.1814015e-01   4.9800927e-01
  -7.2362785e-01   6.8776813e-01   2.2537655e-01  -6.0004691e-01  -2.0900188e+00  -5.5166690e-01   2.1294159e-01   7.4970304e-01   1.1618998e+00   2.1961470e-01  -4.4432150e-02   1.1199945e-02
  -5.9702807e-01   1.0510961e+00  -3.9296964e-01  -5.5015671e-03  -1.8946764e+00  -1.2072931e+00   2.0710084e-02   6.6530818e-01   1.2413861e+00   2.9352584e-01   8.5108770e-01   1.1951821e+00
  -2.7278465e-01   1.4907197e+00   3.7831469e-01  -4.0208866e-01  -1.8244219e+00  -1.1940574e+00  -1.5395032e-01   4.9104474e-01   1.9146417e+00   7.0348716e-01   4.9315741e-01   8.0411027e-01
  -4.5966257e+00  -7.3696128e-01   6.1033816e-01   3.9505354e-01  -1.7492754e+00   1.1709876e-01   6.1632459e-01  -3.1430354e-01   8.2977523e-01   2.0569685e-01   2.4563635e-01  -2.0531049e-01
  -9.0029849e-02  -1.0719781e+00  -5.1386992e-01   1.8190790e+00   1.8660717e-01  -1.1131475e+00  -2.2635038e-01  -1.7248095e+00  -7.8064854e-02  -2.0072751e-01   5.6314948e-01   4.3375437e-01
  -4.3284897e-01  -2.1195435e+00  -2.9673472e-02   2.5054850e+00   1.5565356e+00  -5.1584409e-01  -7.1620748e-01  -1.4583249e+00  -1.9519894e-01  -3.2453705e-01   6.4003237e-01   8.7977812e-02
  -7.3529391e-01  -1.7271613e+00  -1.9517080e-01   2.8969065e+00   1.5406256e+00  -9.1389708e-01  -5.8334170e-01  -1.0010673e+00   2.5344384e-03   1.3118411e-01   4.8084841e-01   1.4021997e-01
  -2.0539298e+00  -1.4053457e+00  -3.1187877e-02   2.4538754e+00   2.2353616e+00  -7.0522380e-01  -8.7506114e-01  -1.0772414e+00  -1.0191983e-01   1.6270902e-01   6.3175811e-01   4.8192361e-01
  -2.0791682e+00  -1.4846113e+00  -3.6851944e-01   2.5768977e+00   2.3158968e+00  -8.2394823e-01  -1.1214004e+00  -1.2013533e+00  -3.4800660e-01   2.0862741e-01   4.3082914e-01  -8.3631727e-02
  -2.1678358e+00  -1.6521983e+00  -6.5827723e-01   2.5285679e+00   1.8545641e+00  -9.3034713e-01  -5.5602862e-01  -1.0169725e+00  -9.3592411e-02   1.0383590e-01   4.3705846e-01  -3.4679887e-02
  -3.0651555e+00  -1.1218971e+00  -5.6696129e-01   2.3913336e+00   1.8668338e+00  -8.5396511e-01  -8.3176471e-01  -1.0664646e+00  -2.9410233e-01   3.9654898e-01   4.1413299e-01   4.3152973e-01
  -2.5144069e+00  -1.2549231e+00  -9.2556710e-01   2.3745763e+00   1.8898730e+00  -7.7980651e-01  -8.1914578e-01  -1.3027868e+00  -2.1734073e-01   1.5793029e-02   4.4374799e-01   1.5119799e-01
  -2.3716327e+00  -6.6604429e-01  -8.9408084e-01   2.0516046e+00   2.2235173e+00  -6.5937872e-01  -4.9578153e-01  -1.1258727e+00  -3.4560487e-02  -4.5378197e-03   6.2857355e-01   4.0825815e-01
  -2.3581992e+00  -2.4928046e-01  -1.0763496e+00   1.7224929e+00   2.4055248e+00  -1.0231796e-01  -3.9294171e-01  -1.0276561e+00  -3.0782817e-01   3.9435690e-03   4.2229843e-01   5.0714963e-01
  -2.5018377e+00   1.2220948e+00  -6.1534505e-01   9.6284176e-01   2.3339859e+00  -1.5151995e-01  -3.8969457e-01  -1.1423718e+00  -2.1439651e-01  -4.2636285e-02   2.0753680e-01   4.2391478e-01
  -3.9668656e+00   1.2640976e+00   1.8904922e-01   1.5327232e+00   2.3066455e+00   8.5954621e-01   4.7647852e-01  -6.7499303e-01   3.5389751e-01   6.0544183e-01   6.3556801e-01   1.6714696e-01
  -5.4831095e+00  -1.4639748e-01   7.4387011e-01   2.1049301e+00   2.1298035e+00   3.3123042e-01   4.2101003e-01  -2.4269719e-01   4.8727412e-01   6.6305238e-01   6.5450650e-01   2.7225708e-02
  -6.6112912e+00  -1.0636508e+00   2.8211140e-01   1.1182334e+00   1.2527969e+00  -1.7038056e-03  -2.3147570e-01  -1.5096934e+00  -5.8702231e-01  -4.7872144e-01   2.5554711e-01   3.2478594e-01
  -7.0942472e+00  -2.0544327e-01  -1.1255238e-01   1.1859052e+00   1.6007669e+00   5.2093759e-02  -4.1431895e-01  -1.1625296e+00   1.2310056e-01   3.7218155e-01   1.1262505e+00   3.4025118e-01
  -7.4657458e+00  -1.2788727e+00  -1.6444854e-01   1.2764452e+00   2.0351478e+00   4.2848764e-01  -7.4955589e-02  -1.1378147e+00  -6.3595411e-02   5.4031746e-01   1.3877194e+00   1.1638958e+00
  -6.7367669e+00  -1.4212604e+00  -3.6787612e-01   1.0837463e+00   1.6037419e+00  -1.6745771e-01   2.2375497e-01  -6.8216269e-01   2.3994981e-02   7.9095713e-01   1.5565675e+00   3.9135160e-01
  -6.3119937e+00  -1.6537355e+00  -5.7080265e-01   8.1029085e-01   1.3591994e+00  -4.4932490e-02  -4.4214336e-01  -1.5109433e+00  -3.4213616e-01   2.9571605e-01   1.5978673e+00   8.3835291e-01
  -5.8439171e+00  -1.4146805e+00  -5.5841691e-01   3.4789953e-01   6.8056276e-01  -2.2252277e-01  -2.2557480e-01  -1.1218825e+00  -1.6267927e-01   8.1413833e-01   1.6208246e+00   1.2784839e+00
  -6.3170086e+00  -9.1412583e-01   3.0213156e-01   9.9515704e-01   1.5468031e+00   4.7175162e-01   5.4094415e-01  -5.5539623e-01   1.8394383e-01   7.9513869e-01   8.7934152e-01   1.2390661e+00
  -6.1766333e+00  -5.9780341e-01   8.2894035e-01   8.0217082e-01   1.8192431e+00   4.5532899e-01   7.1920639e-01  -4.4219028e-01   3.1655958e-01   2.8351244e-01   8.5256236e-02   6.8923522e-01
  -5.9816450e+00  -4.1153167e-01   1.1463432e+00   1.0844418e+00   1.6134129e+00   1.1410343e+00   1.0716877e+00   2.6830356e-01   1.1061456e+00   1.0990249e+00   8.6689092e-01   1.2587897e+00
  -1.1620051e+01  -7.4190908e-01   2.7386155e+00  -1.4976955e-01   5.7620095e-01   3.3089891e-01   9.3018710e-01  -1.0890381e+00  -3.9169418e-01   3.4840821e-01   6.6102770e-01  -1.9042789e-01
  -7.7954766e+00  -3.6839861e-01   1.5229534e+00   1.6632882e+00   1.3666336e+00   1.0586477e+00   1.3541503e+00  -2.4389093e-01  -2.3406357e-01   1.6646189e-01   4.6225113e-01   3.3386385e-01
  -8.1840216e+00   1.5888179e-01   1.6328549e+00   1.8894347e+00   1.6258027e+00   9.4122238e-01   1.4154329e+00  -6.2529672e-02  -1.6593408e-01   3.5886781e-01   1.5697137e-01  -3.2514824e-01
  -7.5929494e+00   1.1764498e-01   2.1604555e+00   2.0755758e+00   1.5825014e+00   9.8950415e-01   1.2220625e+00   4.1158451e-01   8.0477592e-02   5.3249688e-01   3.7482161e-01   2.1470886e-01
  -7.3631262e+00   3.0535382e-01   1.8837119e+00   2.1835991e+00   1.4924824e+00   1.0209378e+00   8.5518863e-01   3.6112038e-01   3.0672495e-01   1.0181126e+00   7.5758837e-01   2.8042089e-01
  -7.8229236e+00  -3.3765180e-01   2.1173280e+00   1.6605978e+00   4.0443922e-01   1.0152328e+00   5.1270759e-01  -5.1266853e-01  -2.5062468e-01   3.0943257e-01   3.5225198e-01   4.4107715e-01
  -7.4779309e+00  -1.7091613e-01   2.2545828e+00   1.9454862e+00   5.0964857e-01   1.7742133e+00   1.5254252e+00   5.0162211e-01   5.5060058e-01   1.3202325e+00   8.4358029e-01   5.3685181e-01
  -7.9176557e+00  -7.7731319e-01   2.2370397e+00   2.1049116e+00   2.9845055e-02   1.5158766e+00   6.0234659e-01  -8.1877302e-01  -4.9531919e-01   4.7174734e-01  -8.6896339e-02  -4.5844656e-02
  -7.1081626e+00  -1.4081265e-01   3.5815113e+00   2.6696196e+00  -1.3724011e-02   1.6890887e+00   1.6246178e+00   6.2973010e-03  -1.0065522e-01   9.3444040e-01   8.2804639e-01   2.3488252e-02
  -8.3690665e+00   5.7529270e-01   2.3014680e+00   1.6317548e+00   1.5268242e+00   1.3424325e+00   8.7092684e-01  -2.7638886e-01   2.2833547e-01   6.8293395e-01   2.5520632e-01   1.9841323e-01
  -7.5515792e+00   9.6857680e-01   2.2588343e+00   1.9954657e+00   1.4226556e+00   1.6962768e+00   1.0364556e+00  -4.1740585e-01  -1.9459816e-02   4.1596075e-01   2.0619271e-01  -7.7824607e-03
  -7.1021027e+00   8.6501329e-01   2.1730427e+00   1.7969771e+00   1.2960392e+00   1.9143511e+00   7.5726792e-01  -5.8340503e-01   5.4195865e-01   1.0331475e+00   4.9672562e-01   6.9649322e-01
  -7.1890363e+00  -6.1748952e-02   2.6818484e+00   2.3766628e+00   7.5468770e-01   2.3355544e+00   1.3298523e+00  -7.6722656e-01   4.7206280e-01   1.1250042e+00  -2.7425399e-01  -1.7500953e-01
  -7.0651390e+00  -8.6602524e-01   2.2302479e+00   3.1027464e+00   1.0007784e+00   1.9382822e+00   6.6705829e-01  -5.5439215e-01   1.1521103e+00   1.8643893e+00   3.2418029e-01  -4.6489954e-01
  -1.0216755e+01  -9.5511222e-01   3.7706095e+00   1.9969398e+00   7.9686985e-01   2.1370084e+00  -2.8297773e-01  -8.6910254e-01   1.5812489e+00   3.4499311e-01   1.9258645e-01  -1.0420425e-01
  -7.0406479e+00  -6.0335174e-01   1.8377008e+00   2.8827813e+00   8.3984346e-01   1.0260405e+00   2.2566331e-01  -2.6282702e-01   1.2250197e+00   8.1601995e-01  -2.1866680e-02  -1.5883671e-01
  -6.1254234e+00  -3.3348998e-01   1.7047734e+00   2.5090234e+00   1.6080546e-01   1.4011969e+00   9.5717023e-01  -1.5645066e-01   9.4236545e-01   1.0455583e+00  -2.4525446e-01  -9.7574552e-02
  -6.4441077e+00  -1.8919154e+00   1.2351201e+00   2.8120196e+00  -1.1539377e-01   1.5253756e+00   1.1718152e+00  -2.6187750e-02   5.7388378e-01   8.7540007e-01  -7.7529346e-01  -2.0316758e-01
  -6.3009609e+00  -2.0351996e+00   1.0486464e+00   3.2893548e+00  -2.0510294e-01   9.8047248e-01   1.3142374e+00  -2.4932229e-01  -3.5908331e-01   2.3669388e-01   1.7764794e-01   3.7639053e-01
  -5.5937134e+00  -2.2471458e+00   1.5295241e+00   3.4333121e+00   5.2882307e-02   8.9350241e-01   1.5822093e+00  -6.7834839e-03   1.3070902e-01   3.9391772e-01   3.3026261e-02  -1.0821993e-01
  -5.6567634e+00  -1.5224206e+00   1.5945039e+00   2.6299134e+00  -5.4224164e-01   8.9496315e-01   1.2160003e+00  -3.1471981e-01  -2.5054384e-01  -5.9137216e-01  -3.3314207e-01   6.2429532e-01
  -5.2094278e+00  -1.1590555e+00   8.1784259e-01   2.3505782e+00   2.9373049e-01   1.4028076e+00   1.0092180e+00  -7.8945974e-02  -5.5930794e-01  -4.1613827e-01   1.7357136e-02   7.6431042e-01
  -5.3003472e+00  -1.0775052e+00   1.2208098e+00   2.3946540e+00  -2.1801566e-01   9.3934430e-01   1.3825225e+00   4.3653074e-01   2.2486536e-01   3.3702189e-01   3.2320508e-01   8.1435545e-01
  -5.6626699e+00  -9.8450654e-01   9.8580326e-01   2.0073602e+00  -1.6062846e-01   9.8280404e-01   1.1537374e+00   6.9013553e-01   6.6206634e-01   6.2152492e-01   3.0748997e-01   4.2247913e-01
  -7.2009875e+00  -8.4073593e-01   1.1135155e+00   1.9089888e+00   6.2613906e-01   1.7937153e+00   1.0531936e+00   4.7654381e-01  -9.7796885e-02   8.0876225e-02   3.5817155e-01   7.8971466e-01
  -1.1193336e+01   3.1232402e-02   8.6637827e-01   2.6332282e+00   1.4017094e+00   9.1863848e-01   2.3702822e-01   6.3725560e-03   2.9878360e-01   4.1251520e-01   5.2986239e-02   2.3356854e-01
  -1.0078540e+01  -9.0603743e-01   1.5931376e+00   2.6098509e+00   1.3321897e+00   7.8018890e-01   1.5994061e+00   9.1950867e-01   6.0494863e-01   2.3974157e-01   3.0611016e-01   4.0763504e-01
  -1.0558833e+01  -1.0882217e+00   1.2934626e+00   2.6816346e+00   1.0117392e+00   6.9869402e-01   9.8235502e-01   3.9253502e-01   3.9633753e-01   2.4156511e-03   3.3280248e-01   1.7295899e-01
  -1.0008505e+01  -8.1222988e-01   1.9830809e+00   2.7717545e+00   1.7190503e+00   1.3635560e+00   1.4076779e+00   6.4865282e-01   9.7629629e-01   4.4705354e-01  -1.1726868e-01   1.1293634e-01
  -9.6211157e+00  -1.6809642e+00   2.1738308e+00   2.6798565e+00   7.1698873e-01   7.8102836e-01   1.6986232e+00   6.9647115e-01   1.0208596e+00   1.5573289e+00   6.5683434e-01   4.8530534e-01
  -8.4879762e+00  -1.7641048e+00   2.5891024e+00   3.5666331e+00   1.1954033e+00   8.0023404e-01   8.8163714e-01  -1.3743036e-01   4.4131311e-01   9.9826468e-01   2.7702215e-01  -1.1521277e-01
  -8.1907663e+00  -2.2024232e+00   2.6795480e+00   3.5159832e+00   4.5993320e-01   7.6411782e-01   1.3792203e+00   5.6094014e-02  -2.3840774e-01  -4.0438507e-01   1.1802535e-01   3.1547806e-01
  -7.4944941e+00  -1.7957440e+00   1.5076478e+00   2.2428034e+00  -5.5760968e-01   2.5461367e-01   9.7362735e-01   7.0650538e-01   5.0489638e-01   2.4876984e-01   5.9894424e-02   1.1718879e-01
  -7.3040716e+00  -1.6404025e+00   2.1643923e+00   2.9832799e+00   1.2424766e-01   5.3404663e-01   1.0691729e+00   3.1930207e-01   4.2799143e-01   4.5245322e-01   4.7881177e-01   3.0750843e-01
  -7.9909083e+00  -8.1339528e-01   2.6957811e+00   3.3858481e+00   1.2874619e-01   1.1568619e+00   9.7066593e-01   1.0069820e+00   3.7006403e-01   6.8605258e-01   5.6469081e-01  -8.0486624e-02
  -7.5000465e+00  -5.1623702e-01   2.7085675e+00   3.3851594e+00   6.7305965e-01   1.2682522e+00   9.1312932e-01   1.2776284e-01   3.6945477e-02   3.3643073e-01   5.9007902e-01   5.5186892e-01
