  -5.4730974e+00  -2.7064835e+00  -5.8872658e-02   2.2529449e+00   6.4881676e-01   1.6872081e+00   1.0122469e+00  -3.4664840e-01   6.2224537e-01   3.1424261e-01   8.5051095e-01   1.5907962e+00
  -4.9471546e+00  -2.0105217e+00   6.1805825e-01   2.7189367e+00   6.5455615e-01   1.4144536e+00   6.0756991e-01  -3.0180525e-01   1.2476317e-01  -9.1160664e-01  -1.8664816e-01   4.9457805e-01
  -4.6861902e+00  -9.9886467e-01   2.5062289e+00  -3.5475511e-02  -1.0827542e+00   2.3757751e-01  -1.5609157e+00  -1.5517154e+00  -4.6746545e-01  -1.7420598e+00  -1.7148284e-01   1.1488779e+00
  -1.0555833e+00  -3.8023801e-02   9.3722131e-01   4.6537027e-01  -2.3385864e+00  -1.2697602e+00  -7.0407946e-01  -5.3975071e-01   7.9632068e-02  -8.1305231e-01   1.0788037e-01   1.3103499e+00
  -9.1996601e-02   1.3408344e+00   5.9966945e-01  -1.8775011e-01  -3.0281792e+00  -1.6726927e+00  -1.1324921e+00  -6.8985291e-01   5.6911266e-01   5.4039249e-01   1.0288059e+00   9.8610280e-01
   1.2440559e-01   1.2114714e+00   3.3413431e-02  -9.4898585e-01  -3.1232471e+00  -1.4981959e+00  -1.4910438e+00  -1.1830999e+00   6.9959405e-01   4.9190652e-01   7.4894444e-01   1.3803891e+00
  -1.3162197e-01   1.8514932e+00   7.7087474e-02  -1.1562390e+00  -3.0721688e+00  -1.5184605e+00  -1.1354150e+00  -7.2816038e-01   1.0187802e+00   8.7764682e-01   7.9892466e-01   1.3700245e+00
   8.6488185e-02   2.6626868e+00   5.8635097e-01  -1.0708781e+00  -2.8806404e+00  -1.0087168e+00  -8.1762302e-01  -8.6637364e-01   1.1617901e+00   1.1117027e+00   6.9753221e-01   1.1168955e+00
  -4.8058669e-01   2.8001595e+00   1.4682542e-01  -1.2853579e+00  -3.5390785e+00  -1.3747649e+00  -1.1518606e+00  -5.2227380e-01   1.1202135e+00   1.2729960e+00   5.9597246e-01   1.1613788e+00
  -5.5275985e-01   3.7683775e+00   3.7561628e-01  -1.1648514e+00  -2.9851031e+00  -1.2742883e+00  -1.0696804e+00  -2.3026097e-01   2.0389425e+00   1.8314018e+00   1.0537514e+00   7.8490731e-01
  -1.0440604e+00   3.5544065e+00  -6.5431578e-01  -1.7481675e+00  -3.4153049e+00  -1.6379269e+00  -1.1756585e+00  -3.4808237e-01   1.8588613e+00   1.5671174e+00   4.0444857e-01   9.9797672e-01
  -9.5710680e-01   3.6209100e+00   3.5851603e-01  -1.3556779e+00  -3.2118459e+00  -1.1730676e+00  -1.1740904e+00  -2.2318932e-01   1.9756184e+00   1.4856718e+00   8.1209577e-01   9.5280774e-01
  -1.1442766e+00   4.0635984e+00   1.6686157e-01  -1.6549897e+00  -3.2759831e+00  -1.3541596e+00  -1.2501504e+00  -5.3863326e-01   2.1707665e+00   1.9608011e+00   1.4265114e+00   1.2207910e+00
  -7.8247474e-01   3.8845625e+00  -9.9401507e-02  -1.3382506e+00  -3.3595721e+00  -1.6860685e+00  -1.4125279e+00  -4.8292252e-01   2.2033597e+00   2.0925598e+00   7.9309598e-01   1.0434410e+00
  -9.2460682e-01   4.0312600e+00   6.4885161e-01  -7.8444725e-01  -3.2760360e+00  -1.9238125e+00  -1.5984248e+00  -2.3015583e-01   2.3997361e+00   2.1170471e+00   9.9358553e-01   7.1031302e-01
  -8.7024329e-01   4.2944624e+00   2.1936134e-01  -8.5011317e-01  -2.7792969e+00  -1.8600532e+00  -9.3739594e-01  -9.0938278e-02   2.3217666e+00   2.7241894e+00   9.6767248e-01   7.2379458e-01
  -2.2939640e+00   3.1783193e+00  -9.2047586e-02  -1.9155721e+00  -2.9520191e+00  -1.0531225e+00  -9.0754811e-01  -5.8602973e-01   1.7990423e+00   1.7585149e+00   9.9778704e-01   8.9669894e-01
  -2.9373275e+00   3.2160864e+00   1.0846372e+00  -1.1417146e+00  -3.3083840e+00  -8.0734343e-01  -3.5341809e-01  -7.0550896e-01   2.2390558e+00   2.2859557e+00   8.8727640e-01   2.2791484e-01
  -4.8246872e+00   2.5345011e+00   1.9454494e+00  -7.4810406e-01  -2.4847553e+00  -1.0787407e+00  -8.1714800e-01  -4.6224227e-01   2.3359623e+00   1.8826772e+00   6.6027104e-01   5.9672017e-01
  -7.0090224e+00   2.1647955e+00   2.6178285e+00  -3.8730349e-01  -2.2765468e+00  -1.1093484e+00  -1.5030723e-05  -3.1655215e-01   2.0775020e+00   1.8632344e+00   1.4826665e+00   2.2089719e-02
  -9.3179322e+00   1.0256536e+00   1.8471273e+00   1.3834875e-01  -1.1170744e+00  -1.0714590e+00   4.4196756e-01   3.0571043e-02   1.8635808e+00   1.4890191e+00   9.3508847e-01  -3.4319269e-02
  -4.8351176e+00  -1.6264293e-01  -2.4766344e-01  -2.3195213e-01  -9.5597175e-01  -1.8327685e+00   6.5479097e-01   7.7533575e-01   1.2635754e+00  -4.2931638e-01  -4.8973584e-01   3.5150243e-01
  -7.4692460e+00   1.1403992e+00   5.9784259e-01  -1.1130613e-01  -7.3119001e-01  -4.6693450e-01   1.1143143e+00   8.4756935e-01   1.6454324e+00   6.5297711e-01  -1.6787102e-02   1.6171275e-01
  -1.5573747e+00   7.0371715e-01  -8.0768828e-02   4.9841942e-02  -1.3187476e+00  -1.6489186e+00   9.1850035e-01   7.4191568e-01   5.7865996e-01  -4.7409154e-01  -3.4999377e-01   3.6261192e-01
  -2.0216604e+00   2.1233092e+00   9.1454281e-02  -3.3877712e-02  -8.5754898e-01  -5.3839100e-01   1.0994686e+00   1.1144330e-02   3.6209244e-01  -7.0581851e-01  -4.6237800e-01   4.3479306e-01
  -4.9482618e+00   2.9104000e+00   2.0084795e+00   8.5846466e-01  -4.8996112e-01  -6.3879304e-01   1.0981585e+00  -3.9865311e-01   1.0759604e-01   1.6557585e-01   3.5320634e-02   2.5935285e-01
  -6.0158220e+00   2.7448971e+00   1.2165094e+00   1.9308487e-01  -8.7626604e-01  -3.1769677e-01   8.2424597e-01   8.2301032e-02   4.3634064e-01  -2.2781646e-01   1.3526710e-01   5.3978200e-02
  -6.6567769e+00   3.0430602e+00   2.0367905e+00   6.3514120e-01  -3.3067765e-01  -1.7791794e-01   9.1285779e-01  -3.7761510e-01   1.1040441e-01  -5.1086345e-01   3.8613545e-01   4.1162754e-01
  -8.0066363e+00  -1.0878171e+00   1.2343607e+00   1.3961034e-01  -5.0037563e-01   5.3509562e-01   4.7403979e-01  -1.1524205e+00   1.8313845e-02  -3.2766504e-02   7.8101828e-03  -2.2537577e-01
  -5.9313175e-01   8.4215799e-01  -3.2468182e-01  -5.3804050e-01  -1.1075149e+00  -6.5115109e-01   6.1521623e-01  -4.8817977e-01   5.7522161e-01  -1.1118702e+00  -1.0904696e+00   7.4644921e-01
  -4.2145375e-01   7.1946171e-01  -1.2327633e+00  -2.9180844e-01  -1.2598315e+00  -1.5278875e+00   2.0457300e-01  -1.0014597e-01   4.7412582e-01  -1.1747209e+00  -1.1803545e+00   6.0064512e-01
  -9.6515659e-01   1.1218334e+00   2.3021916e-01  -2.9447478e-02  -1.1717985e+00  -1.7584900e+00  -5.5892559e-02  -1.0782224e-01   3.1621617e-01  -8.3902360e-01  -1.0165103e+00   1.2064097e-02
  -6.1585431e-01   1.4219583e+00   5.5186917e-01   6.7408637e-01  -3.9398708e-01  -5.3396629e-01   7.6439313e-01  -1.8967672e-01  -1.8060155e-01  -6.6792482e-01  -4.5808518e-01  -8.4881972e-01
   4.3615573e-01   1.0017977e+00   7.7497043e-02   8.1656814e-01  -3.9196095e-01  -7.9186011e-01  -1.7771328e-02   1.7730612e-01   7.3945550e-02  -9.1763897e-01  -9.9207273e-01  -3.4900931e-01
   1.0110705e+00   1.8320826e-01  -1.1693510e-01   9.9490406e-01  -4.7202081e-01  -2.8948654e-01   2.6995343e-01   2.0627052e-01   2.4667129e-01  -7.0429957e-01  -5.7048409e-01  -4.0071034e-01
   1.6375866e+00  -6.3453897e-01  -2.3321578e-01   3.0470624e-01  -1.1300167e+00  -1.2195191e+00  -8.4177955e-02   1.1863950e+00   8.0332718e-01  -8.0475152e-01  -6.0569229e-01   5.2177982e-01
   1.6477088e+00  -1.4390968e+00   4.3381963e-02   2.7617055e-01  -1.0071075e+00  -1.4983159e+00   1.1335484e+00   7.4481526e-01   3.3527687e-01  -7.2520145e-01  -8.6589241e-01   3.6859295e-01
   3.6621629e-01  -9.5850801e-01   8.3503478e-01   7.8242763e-01  -1.1150810e+00  -8.3628295e-01   1.3535694e+00   1.4910275e-01   7.9142255e-02  -7.6144013e-01  -8.0040276e-01   1.1222236e+00
   4.2012197e-01   9.9569006e-01   3.3297510e-01   7.0149379e-01  -1.0083963e+00  -4.4735830e-01   1.2397492e+00   2.9356280e-02   1.4341510e-01   6.7951981e-02  -2.2783710e-01   9.7808624e-01
   5.3363153e-01   4.3599068e-01   4.1095318e-02   1.1159819e+00  -8.6242189e-01  -6.2820939e-01   1.1438643e+00   3.5067596e-02   9.0920986e-01  -2.9787690e-01  -1.3228115e-01   7.9463424e-01
  -6.3176348e-01   1.2948103e-01   2.8700528e-02   6.3336752e-01  -1.0874890e+00   1.3082841e-01   1.2375678e+00   6.3490350e-01   1.2026272e+00  -4.0595424e-02  -1.6036155e-01   9.0130805e-01
  -1.2974952e+00  -1.9985406e+00   1.2562679e+00   1.0603457e+00  -1.0924738e+00   9.9732319e-01   5.3820246e-01   1.7298757e-01   7.2282499e-01   4.2320665e-01   3.8331760e-01   3.4970910e-01
  -1.6353913e+00  -6.5956049e-01   2.1716652e+00   1.2750696e+00   7.0843917e-01   6.8887510e-01   4.6317229e-01  -1.3259354e+00  -4.6298115e-01  -8.0385589e-01  -2.5198487e-01   8.8028245e-01
   1.3163569e-01  -2.2938821e+00   1.2681883e+00   1.6699315e+00   1.9691484e+00  -8.6590753e-01   6.8446995e-02  -1.2292273e+00  -3.3821034e-01  -5.0254742e-02   3.2284078e-01   7.7677087e-01
   1.7716754e-01  -2.6185130e+00   9.5373101e-01   1.9662306e+00   2.3020913e+00  -1.3746468e+00  -2.0234437e-01  -1.5583784e+00  -3.3319055e-01  -2.1344216e-02   1.8376580e-01   5.5462469e-01
  -1.7706297e-01  -3.0156221e+00   1.6108332e+00   1.6679100e+00   2.6202255e+00  -1.4759739e+00  -4.7447441e-01  -1.6585434e+00  -2.8599672e-01  -5.9991674e-02   1.1716095e-01   2.2067103e-01
  -3.2209880e-01  -2.4918056e+00   1.0529614e+00   2.1075326e+00   2.3841052e+00  -1.1748762e+00  -7.0373472e-01  -1.8810841e+00   2.4434596e-01  -4.1443392e-02   4.1653101e-01   3.8624529e-01
   1.8556261e-01  -2.9437498e+00   1.1437257e+00   1.7104478e+00   2.7010644e+00  -1.5371401e+00  -8.0111346e-02  -1.8851781e+00  -8.5204025e-02  -1.1218824e-01   3.6392852e-01   4.6090067e-01
  -8.8918499e-02  -2.3671021e+00   4.2244127e-01   1.6435901e+00   2.4452769e+00  -1.0337106e+00  -1.3687772e-01  -1.2713235e+00  -7.2922580e-02   2.0384264e-01   3.4869550e-01   5.3153279e-01
   2.5141481e-01  -2.8479593e+00   3.8461226e-01   1.3013414e+00   2.4294435e+00  -9.0651430e-01  -7.4216995e-01  -1.3439321e+00  -2.0075139e-01  -8.7547274e-02   8.3832514e-01   5.9130100e-02
   2.9447993e-01  -2.4169152e+00  -2.9960196e-02   1.4973383e+00   2.3822331e+00  -8.0419712e-01  -6.3032094e-01  -1.3320171e+00  -3.8786545e-01  -2.2599587e-01   4.5051525e-01   5.8840432e-01
  -9.3444974e-01  -1.2170758e+00  -4.4764479e-01   1.5157911e+00   2.1909268e+00  -2.5818335e-01  -5.6635615e-01  -1.2426934e+00  -2.1109998e-01  -2.5679402e-02   7.0668049e-01   7.4893198e-01
  -1.2011747e+00   7.1849164e-01  -3.7542201e-01   1.0272804e+00   1.6078395e+00  -7.3038364e-02  -3.0310817e-01  -1.2186482e+00  -4.4488015e-01  -2.9234281e-01   4.2232390e-01   7.7295534e-01
  -4.3045594e+00   9.3887604e-01   1.0366959e-01   1.5147048e+00   1.8922527e+00   5.6797511e-01  -1.3119801e-01  -1.2313169e+00  -4.1129997e-01   3.2877934e-01   8.7743991e-01   8.9425863e-01
  -6.5775704e+00  -2.6106869e-01   3.2803351e-01   1.5257070e+00   1.8681844e+00   7.5149069e-01  -2.3731282e-01  -1.2062178e+00  -5.7582721e-01   1.7801090e-01   3.8467346e-01   4.5531095e-01
  -8.5007338e+00  -2.1161686e+00  -2.0041232e-01   7.8012104e-01   1.0855177e+00  -7.2483054e-03  -7.1017534e-01  -1.3555907e+00  -1.0008785e+00  -2.7901676e-01   3.9567734e-01   6.2925036e-01
  -8.9458077e+00  -2.4008319e+00   3.2381641e-01   9.8596755e-01   1.9729277e+00   2.4308500e-01  -3.7982023e-01  -1.5093124e+00  -4.9055987e-01   3.8010178e-01   1.1629431e+00   1.1263323e+00
  -8.4792199e+00  -2.1890078e+00   1.9722881e-01   1.0304344e+00   1.1599547e+00  -1.8386001e-01  -5.1004540e-01  -1.0558936e+00  -3.5001141e-01   5.3153763e-01   9.5856466e-01   4.7629111e-01
  -7.4193575e+00  -2.0789178e+00   1.6505977e-01   1.0915927e+00   1.3851633e+00   4.0463589e-02  -5.3241937e-01  -1.7030004e+00  -5.2349346e-01   4.0094641e-02   9.1082618e-01   1.3154880e+00
  -6.5657855e+00  -2.4448826e+00  -2.4057769e-01   6.1392731e-01   1.0275419e+00   5.0851279e-01   2.9961942e-01  -9.5874653e-01  -2.0363949e-01   5.7938481e-01   1.4143927e+00   1.2623471e+00
  -6.6079297e+00  -1.8799690e+00   2.3359724e-02   9.6034361e-01   1.3698216e+00   6.0978082e-01   4.4393547e-01  -7.9094300e-01  -9.2969204e-02   2.1527079e-01   1.1549012e+00   9.1794830e-01
  -5.2648535e+00  -1.5820653e+00   2.6737492e-01   8.1474072e-01   3.5435288e-01  -9.0820744e-02   4.7664525e-01  -1.1501335e+00  -1.7499530e-01   4.2987987e-01   8.8500103e-01   6.5255346e-01
  -5.1681791e+00  -1.0922822e+00   4.4334921e-01   1.4010844e+00   3.6650184e-03   2.2655317e-01   1.6292022e-01  -9.6979570e-01   1.8370562e-01   6.9288862e-01   1.3237296e+00   1.4224869e+00
  -5.3871354e+00  -1.2643878e+00   1.5836029e+00   1.0847803e+00   9.8571162e-01   1.0073898e+00   4.3263536e-01  -4.6071766e-01   1.6126032e-01   1.0866973e+00   9.5878609e-01   4.5570349e-01
  -6.1147873e+00  -1.4044044e+00   1.4830752e+00   1.4772224e+00   6.9735666e-01   6.4899082e-01   8.9718709e-01  -8.9012004e-01  -4.2522987e-01   7.3479203e-01   1.3913057e+00   7.4166921e-01
  -6.9436766e+00  -1.2598444e+00   1.5744794e+00   1.4184567e+00   4.5090456e-01   1.1008969e+00   7.3797806e-01  -1.1405861e+00  -1.3987808e-01   1.3593915e+00   1.6276746e+00   1.0621445e+00
  -6.2195691e+00   3.5017175e-01   2.4844014e+00   2.5715602e+00   1.3695861e+00   1.6654075e+00   1.4918733e+00  -5.1623288e-01   4.2366445e-02   6.6428752e-01   1.4803645e+00   9.2287015e-01
  -6.3092176e+00   1.9244092e-01   1.7802881e+00   2.4366339e+00   6.1103691e-01   1.3854102e+00   4.7794333e-01  -1.0453198e+00   5.8676023e-02   1.0272865e+00   1.0648708e+00   3.6542483e-01
  -5.6185554e+00   1.4893666e+00   1.7730184e+00   2.1474758e+00   8.6191297e-01   1.8367986e+00   9.1598577e-01  -1.0818697e+00  -2.1470318e-01  -2.0800245e-01   2.8671665e-01  -6.4362778e-02
  -6.1460343e+00   2.5184320e+00   2.6099949e+00   3.0565254e+00   1.2010993e+00   1.8956417e+00   8.3205411e-01   2.7013994e-01   1.0249832e+00   1.1283618e+00   5.4439646e-01   7.3770624e-01
  -4.5816350e+00   2.9760417e+00   3.0173214e+00   3.4194154e+00   1.5449770e+00   2.2348046e+00   1.0903779e+00   1.2249163e-01   8.2704097e-01   1.3596765e+00  -2.9891463e-02  -2.6513139e-01
  -7.1476743e+00   8.4219057e-01   3.8616579e+00   1.6618435e+00   4.9840539e-01   3.1237388e+00   5.2745643e-01  -2.2292370e-01   1.2029507e+00   8.0794638e-01   1.7993153e-01   8.0926867e-01
  -7.2417278e+00   1.0136367e+00   1.7522129e+00   1.8329790e+00   5.9429067e-01   2.4634653e+00   8.8093009e-01   5.5619953e-01   1.3705852e+00   8.6440231e-01   1.0552567e-01   2.5698465e-01
  -7.0204562e+00   1.7221193e+00   2.6429914e+00   1.9818186e+00   1.0243095e+00   1.9981034e+00   4.4549026e-01  -5.0108457e-01   1.1113909e+00   6.0647975e-01   8.2666225e-02  -2.2598533e-03
  -7.8206045e+00   8.7302328e-01   2.6263295e+00   2.5553307e+00   8.6968952e-01   1.8450494e+00   5.5024629e-01  -2.5478223e-01   1.2239561e+00   5.3443679e-01  -1.4757349e-01  -2.5598781e-01
  -7.7992772e+00   3.5886090e-01   2.1942894e+00   1.9976641e+00   4.1675568e-01   1.9226564e+00   1.1672935e+00  -1.1972426e-01   7.5113747e-01   2.9159557e-01  -7.8003720e-01  -3.0887424e-01
  -8.1708148e+00  -3.2421738e-02   2.1059524e+00   1.9423500e+00   4.1699548e-01   1.3525319e+00   3.8391143e-01  -5.6397717e-01   5.2282774e-01  -1.0431459e-01  -4.6185407e-03   1.9781665e-01
  -8.4453204e+00  -7.0807471e-01   1.7457870e+00   2.2296729e+00   1.7609634e-01   1.7000145e+00   1.0887413e+00   1.8665295e-01   7.4681238e-01   4.4723364e-02   8.3701751e-03  -2.1640730e-02
  -9.4561836e+00   1.4668273e-01   2.4517462e+00   1.9995849e+00   1.0067914e+00   1.6886714e+00   1.2700417e+00  -7.3084013e-02   3.2681933e-01   5.8902532e-01   5.0689510e-01   3.8735939e-01
  -8.8835904e+00  -1.8265427e-01   1.6358944e+00   1.4298972e+00   5.1261353e-01   1.2718889e+00   1.2855820e+00   2.9721046e-01   9.5866214e-01   5.2188650e-01   4.8903666e-01   3.5285598e-01
  -5.9400663e+00  -3.7344970e-02   1.2161433e+00   1.8073418e+00  -2.3822788e-01   9.6921310e-01   9.8252123e-01   3.1735534e-01   7.1438573e-01   1.8383325e-01   4.0666051e-01   6.6739611e-01
  -5.8343301e+00  -4.9298709e-02   1.5667361e+00   2.1603557e+00   7.4712630e-01   1.7258819e+00   1.5460039e+00   1.9134903e-01  -3.9221109e-01  -1.4032594e+00  -2.0828563e-01   1.1331309e+00
  -9.7921235e+00   1.0695062e+00   2.7183253e+00   1.2015415e+00   1.6583421e+00   1.0525223e+00   5.9377327e-01  -2.3180104e-01   2.2513414e-01   6.6219621e-01   1.5652751e-01  -2.4039427e-01
  -8.9812493e+00   9.3532015e-01   2.1615251e+00   1.5462377e+00   1.0415467e+00   1.6380478e+00   1.5430379e+00  -3.9299456e-01   7.0199540e-01   3.9521522e-01   2.3324146e-01   2.8380886e-01
  -7.6513531e+00   6.0761779e-01   1.3409021e+00   1.3685281e+00   6.7736453e-01   2.3501096e+00   1.6803793e+00   4.1334099e-01   1.4461072e+00   8.8261385e-01   4.7515070e-01   3.5598981e-01
  -7.0279214e+00   1.5217493e+00   2.1496146e+00   1.4818727e+00   1.9210473e-01   1.8875914e+00   8.9570448e-01  -8.3286623e-01   5.4281522e-01  -4.5605317e-01  -7.4948695e-01   2.1487750e-01
  -7.4511397e+00   3.3657105e-02   2.2998221e+00   2.3824369e+00   3.2614505e-01   1.9132537e+00   6.4608195e-01  -1.5363101e-01   1.0946765e+00   6.4169452e-01  -1.6273091e-01   3.6775414e-01
  -7.1293598e+00   9.7613287e-01   2.4526767e+00   2.2578869e+00   4.7482043e-01   2.0576301e+00   9.0077083e-01  -3.4083899e-01   1.0293378e+00   1.2825041e-01  -1.8276061e-01   8.8657650e-01
  -7.8399121e+00   5.3485205e-01   2.0376005e+00   2.0426731e+00   7.3840804e-01   1.5606337e+00   4.9801094e-01  -5.9206404e-01   7.4874678e-01   7.0163218e-01   3.1269046e-01   7.8494761e-01
  -7.9105708e+00   1.4577663e-01   2.1714515e+00   1.9102125e+00  -2.2852601e-01   1.7022720e+00   7.5800262e-01  -2.0627178e-01   1.0619705e+00  -8.8064317e-02  -2.4386095e-01   1.6659636e-01
  -7.8709866e+00  -6.1007012e-01   1.2961682e+00   1.8656237e+00   9.3297078e-01   1.6407320e+00   4.5460360e-01   2.9685464e-01   1.0889464e+00   4.9792604e-01   2.1232858e-01   1.5015548e-01
  -8.5632285e+00  -1.2847928e+00   6.2752539e-01   1.8992360e+00   8.6298447e-01   1.6547557e+00   1.0627557e-01  -9.0589329e-01  -3.7847101e-02  -3.5692162e-01  -4.7177515e-01  -7.2402101e-03
  -7.6187816e+00  -4.0369039e-01   1.1001115e+00   1.2387970e+00   7.3539127e-01   1.3484284e+00   3.9394597e-01   2.5431357e-02   5.0788675e-01  -4.2943176e-01  -4.7942234e-01  -2.6223109e-01
  -8.9038098e+00  -4.8355643e-01   1.5510191e+00   1.7759740e+00   1.6511602e+00   1.1637718e+00   9.6207873e-01   3.9031672e-02   1.1887664e-01   5.4489345e-02  -1.3713858e-01   3.3543317e-01
  -8.7666015e+00  -5.5758684e-01   1.3894343e+00   1.7507242e+00   1.3368250e+00   7.2825622e-01   1.0109410e+00   3.8552513e-01   8.2858600e-01   6.7214638e-01   4.1141498e-01   4.6299936e-01
