  -9.2214647e+00  -5.0702045e-01   1.0851496e+00   1.2486166e+00   1.2673432e+00   1.0190360e+00   1.4519610e+00   4.2818424e-01  -6.3185985e-02  -2.2171713e-01   3.5642717e-01   1.1375484e+00
  -8.9317475e+00  -4.4449048e-01   1.3651210e+00   1.4309735e+00   1.5246775e+00   1.1973655e+00   1.7385906e+00   4.8901273e-01   2.2280862e-01   5.8456071e-01   5.7244839e-02   4.6027904e-01
  -8.3010444e+00  -1.0607392e-03   1.6331053e+00   2.1285405e+00   2.2912043e+00   1.6489533e+00   1.4424255e+00   3.2972358e-02  -1.4493037e-01  -1.7999863e-01   2.8074530e-01   4.4271676e-01
  -7.6677556e+00   1.9580371e-01   1.5390280e+00   2.0922912e+00   1.6380822e+00   1.3441633e+00   1.0911668e+00  -3.8078297e-01  -3.4846410e-01  -1.6399640e-01  -1.2475250e-01  -3.0354106e-01
  -4.6821704e+00   1.7698023e+00   2.1667439e+00   1.3022323e+00  -8.7655718e-02  -4.7203997e-01  -1.0765666e+00  -2.1347159e+00  -1.3665244e+00  -9.1265088e-02   6.1330445e-01   9.2697778e-01
  -2.3251908e+00   2.3158263e+00   1.2240068e+00  -3.1386133e-01  -1.7369692e+00  -1.5317547e+00  -1.7337394e+00  -1.7177680e+00  -4.6503842e-02   8.1839620e-01   5.0896192e-01   3.5894032e-01
  -4.0846047e-01   3.3327748e+00   1.1355041e+00  -1.1907300e+00  -2.9048618e+00  -1.3415032e+00  -4.7605646e-01  -8.0042830e-01   6.1015952e-01   1.2731295e+00   1.1245759e+00   1.9678185e-01
  -3.9136580e-01   2.5919993e+00   1.8777545e-01  -1.8071322e+00  -3.5289683e+00  -1.9025847e+00  -9.8061135e-01  -3.9253873e-01   3.7946440e-01   6.0995534e-01   5.2411837e-01   6.9377605e-01
   1.0008664e+00   1.1948590e+00   2.7397021e-01  -3.4162054e-01  -3.0352020e+00  -1.5125073e+00   5.6988574e-01   1.5362344e+00   9.6174724e-01  -7.2302376e-02  -1.7035036e-01   7.6286684e-01
   2.6357133e+00  -8.1747776e-01  -1.0159229e-01   9.5252519e-01  -2.3623944e+00  -1.6277452e+00   3.5040411e-01   1.5231862e+00   7.0574259e-01  -6.3963783e-01  -2.1160820e-01   7.1151425e-01
   2.3166181e+00  -1.8689452e-01  -2.1654145e+00   1.6249403e+00  -2.1902269e+00  -1.4996471e+00   4.6032859e-01   1.4103450e+00   5.8621589e-01  -2.1838646e-01  -3.3653647e-01   7.8023268e-01
   1.4058189e+00   4.3490296e-02  -1.6941535e+00   2.0816336e+00  -1.9278097e+00  -1.5238863e+00   1.4780663e+00   4.6539947e-01   3.1276965e-01  -8.7555347e-01  -2.4188310e-01   8.0738097e-01
   9.6294581e-01   2.1007580e+00   2.1191420e-01   1.4559838e+00  -1.8438121e+00  -1.2653116e+00   5.6271273e-01   7.0242434e-01   1.0093471e+00  -6.1868822e-01  -6.0084716e-01   3.6087162e-01
  -4.7621304e+00   2.2426741e+00   3.3549754e+00  -2.1004374e+00  -1.5060192e+00  -3.0004782e-02   4.5263447e-01   4.7927117e-01   7.7157994e-01   5.7219974e-01   1.4990518e-02   2.3964647e-01
  -2.1221553e+00   2.4605164e+00   9.3030210e-01  -1.3075465e+00  -8.4466579e-01  -1.3362317e+00   8.2258406e-02   1.1057951e+00   1.0805895e+00   1.3861944e-01   1.5599658e-01   7.0243696e-01
  -6.4499978e+00  -1.0138854e+00   7.1744463e-01  -4.0268958e-01  -1.3339999e+00  -4.5307500e-01   6.8232084e-01  -1.4080250e+00   9.3369560e-01   5.4366472e-02   5.7542156e-01   2.8250906e-01
  -2.8323231e-01   7.9638118e-01  -1.4864068e+00  -8.5005362e-02  -3.2555964e-01  -8.7031650e-01   6.5964326e-02   8.8458340e-02   2.0883385e-01  -1.2959495e+00  -6.7650988e-01   8.5524175e-01
  -9.8582072e-01   2.9348344e-01  -1.6660440e+00  -6.5418022e-01  -1.1014367e+00  -1.9797204e+00   3.6242651e-02   2.0924931e-01   7.5489629e-01  -9.1667610e-01  -7.1058336e-01   3.5010182e-01
  -1.8243067e+00   1.1403606e+00  -8.2766074e-01  -5.8486078e-01  -1.1259215e+00  -2.2152368e+00  -2.0242627e-01   4.3735028e-01   2.6468752e-01  -7.3484397e-01  -8.3190152e-01   5.0445900e-01
  -2.9214870e+00   2.6155347e+00   3.0378519e-01   1.7457253e-02  -6.1844621e-01  -1.5462335e+00   3.5354738e-02  -1.2120912e-01   4.5608162e-01  -2.8114991e-01  -6.3011234e-01  -3.7466591e-01
  -3.4267858e+00   2.5036471e+00  -5.1512860e-02   1.5201324e-01   3.3743622e-01  -5.7653953e-01   3.2587185e-01   5.9802578e-03   4.5025686e-01  -3.7927059e-01  -8.6876098e-01  -7.3792010e-01
  -2.5744575e+00   2.4038079e+00   1.1006895e-02   6.3052802e-02  -3.6899136e-01  -1.8051326e+00  -2.7888079e-01  -7.4944184e-02   3.8132818e-01  -6.5331712e-01  -4.6672766e-01  -1.3850178e-01
  -1.3824514e+00   1.3034366e+00  -1.2036856e+00   3.8876757e-01  -7.4305244e-01  -1.9118754e+00   3.5164417e-01   7.5690308e-01   8.8971993e-01  -2.9762234e-01  -6.9462699e-01   1.9486763e-01
  -1.3315783e+00  -2.2706373e-01  -1.1525576e+00   4.1566573e-01  -7.1488131e-01  -1.5496558e+00   1.1573882e+00   7.3825548e-01   4.6721321e-01  -6.1765781e-01  -6.6047200e-01   2.7436618e-01
  -1.7800388e+00  -2.1881023e-01  -6.4807057e-01   9.5815881e-01  -9.2704348e-01  -1.0153202e+00   1.3288577e+00   9.5086205e-02   1.1145419e-02  -7.2242894e-01  -4.8413959e-01   4.3833775e-01
  -3.8378622e+00   2.2831853e+00   3.2025597e-01   4.0013304e-01   3.6942999e-01  -1.8314090e-01   8.6742645e-01   1.2449858e-01   2.7287899e-01  -7.4423072e-01  -6.5559262e-01   5.4510710e-01
  -4.1950243e+00   1.9079911e+00   4.0146611e-01   2.8354669e-01  -3.3633702e-01  -1.3482972e+00   3.4227941e-01   4.4909744e-01   6.4567112e-01  -6.6476308e-02  -5.3208358e-01   3.5446951e-01
  -3.5920735e+00   2.0288465e+00   3.4981491e-01  -4.2632094e-01  -3.8439727e-01  -8.9168637e-01   7.1166805e-01   7.2488434e-01   9.8217045e-01  -4.2409554e-01  -4.8049741e-01   8.0126455e-01
  -6.2984055e+00  -1.5381156e+00  -2.8149080e-01   1.1160639e+00  -5.4819218e-01   3.5928438e-02   1.0276597e+00  -9.6505405e-01   2.1273646e-01  -1.1035797e-01   1.6924565e-01   4.9907280e-01
  -3.6300306e+00   1.7977003e+00   1.4749832e+00   7.5806665e-01   4.3182687e-01  -3.6830881e-01   3.3494087e-01  -1.1332806e+00   7.1599926e-02   3.5363633e-01   3.2357846e-01   1.1712858e-01
  -1.4447700e+00  -9.7011191e-01  -8.3616733e-02   2.5906573e+00   1.7891931e+00  -3.4417902e-01   2.9318677e-02  -1.4344731e+00  -3.6422387e-01  -3.8204058e-01   4.8284160e-01   4.7331042e-01
  -1.6123430e+00  -1.9360836e+00  -2.5753445e-01   3.0873269e+00   2.0956829e+00  -9.5329987e-01   5.8557568e-02  -1.6489236e+00  -4.2262910e-01  -1.2774669e-01   8.8187667e-01   3.3052148e-01
  -6.9035178e-01  -1.9019944e+00  -1.3109180e-01   3.0305561e+00   1.9697478e+00  -1.0278087e+00  -6.1315293e-01  -1.2705303e+00  -4.2055201e-01   1.0344683e-01   9.0338446e-01   3.3576352e-02
  -5.0136122e-01  -2.3311399e+00  -2.3829039e-01   2.8450568e+00   1.8309672e+00  -7.1625392e-01  -6.2060982e-01  -1.0025061e+00  -8.5303653e-02  -4.0748059e-02   9.7540808e-01  -3.4998784e-01
  -8.5345445e-01  -2.5936150e+00  -4.8577674e-02   3.0291209e+00   1.6457658e+00  -7.2959228e-01  -9.4724644e-01  -1.5026947e+00  -4.1948211e-01  -1.2621344e-01   9.3241630e-01  -1.2647825e-01
  -2.7563990e-01  -2.2535715e+00  -5.3360049e-01   2.7184683e+00   1.7641049e+00  -7.6132633e-01  -5.4087982e-01  -1.3082631e+00  -5.0302982e-01   2.4598372e-02   8.5305656e-01  -1.0323002e-01
  -3.4963446e-01  -2.0314511e+00  -5.9548043e-01   2.6268438e+00   1.7348856e+00  -5.5894370e-01  -2.7333445e-01  -8.9121806e-01  -2.7929211e-01   1.0796265e-01   8.6564585e-01   1.5427748e-01
  -8.2719903e-01  -1.6401158e+00  -1.1438377e+00   2.4255015e+00   2.2238710e+00  -1.0064474e+00  -3.0062724e-01  -1.2602053e+00  -6.0930041e-01   3.6687501e-01   9.2814872e-01   1.3437547e-01
   4.9068675e-01  -8.8065345e-01  -1.3960144e+00   1.9305122e+00   2.2391992e+00  -6.4616533e-01  -2.2979743e-02  -8.9794958e-01  -4.5520179e-01   1.2137396e-01   8.2412539e-01   2.5551313e-01
  -9.0371543e-01   4.0464488e-01  -9.5391882e-01   1.5813553e+00   2.6432208e+00   1.3227421e-01  -2.5399899e-01  -1.2144907e+00  -3.1611654e-03   6.4961020e-01   1.1407642e+00   6.4239795e-01
  -2.2558724e+00  -8.0740078e-01   3.6405064e-01   1.6558401e+00   2.1382246e+00   8.4487808e-01   4.3752887e-01  -9.5362180e-01  -2.5762111e-01   3.8819151e-01   9.2532543e-01  -3.5857485e-02
  -6.4239360e+00  -1.3604572e+00  -7.2921545e-02   8.4592156e-01   1.0562708e+00   6.1391154e-01  -8.2410701e-02  -9.1044025e-01   1.1290283e-01   1.2005896e-01   5.1571743e-01   1.5972977e-01
  -7.1075347e+00  -7.5362407e-01  -7.8658810e-01   1.0383112e+00   9.3056192e-01   3.0085849e-01  -6.7602704e-01  -7.6724193e-01   3.1726519e-01  -2.1857965e-02   7.0256859e-01   6.4635174e-01
  -7.5330194e+00  -8.6071668e-01  -1.0733779e+00   1.1156070e+00   1.3686327e+00   5.2598855e-01  -3.4544535e-01  -1.1031863e+00  -6.3761195e-02   8.2082965e-02   8.5071413e-01   6.8341469e-01
  -6.9536314e+00  -9.1526286e-01  -7.0627579e-01   7.5667626e-01   6.3019009e-01   1.3095583e-01  -4.8042660e-01  -1.1903843e+00  -2.7793473e-01   1.6319818e-01   1.1410112e+00   3.9767676e-01
  -6.9743112e+00  -1.4794185e+00  -9.9980877e-01   1.2583501e+00   9.9118570e-01   3.2364283e-01   3.2297568e-01  -1.2418509e+00  -4.9054456e-01  -1.5832274e-02   9.1249002e-01   2.8562172e-01
  -6.7816513e+00  -1.9936699e+00  -1.0411111e+00   7.5005360e-01   1.3274486e+00   5.2715789e-01  -4.1337282e-01  -1.0309654e+00  -1.2054169e-01   5.5192522e-01   9.3641206e-01   4.9741015e-01
  -5.4570372e+00  -2.3839783e+00  -1.2233226e+00   7.6264155e-01   1.6666707e+00   9.3002511e-01   5.2042590e-02  -1.3996270e+00  -3.2302583e-01   6.8203344e-01   1.2135681e+00   6.9973274e-01
  -6.0854653e+00  -8.9713363e-01  -4.6943119e-01   7.7222909e-01   1.4614544e+00   3.6779076e-01   2.3431908e-01  -7.2393909e-01   3.1024469e-01   8.0447166e-01   1.2492939e+00   1.1745640e+00
  -8.8446151e+00  -4.6040150e-01   3.6262360e-01   3.7074510e-01   1.2122493e+00   6.1066796e-02  -1.9825876e-03  -1.3122725e+00  -8.0525100e-02   8.4458174e-01   1.2001654e+00   1.3478042e+00
  -9.6952320e+00   5.7830637e-01   2.2197278e+00   9.9757254e-01   9.1382224e-01   6.1098431e-01   4.1303142e-01  -7.7636751e-01   1.6703671e-01   6.4757675e-01   1.2941990e+00   9.8007527e-01
  -1.0991742e+01   3.7184451e-01   2.1990454e+00   9.4107078e-01   8.9856888e-01   3.0613736e-01   3.2450014e-01  -4.0598063e-01   4.0736432e-01   2.8936227e-01   4.7372809e-01   5.0841976e-01
  -1.2308947e+01  -9.9720377e-02   1.1056135e+00   1.1929455e+00   1.4080596e+00   1.0522367e+00   1.5531495e+00   8.7703265e-02   1.1190181e+00   3.5349364e-01   1.6687499e-01   5.7607213e-01
  -1.1636725e+01  -7.1986861e-02   7.8126793e-01   1.1115265e+00   1.2057850e+00   1.7138070e+00   1.5966651e+00   4.3583960e-01   8.1464727e-01   4.8427786e-01   2.1589270e-01   8.6691966e-01
  -1.1703743e+01  -3.6098921e-01   4.7310793e-01   8.0520205e-01   1.2733992e+00   1.1489711e+00   1.5161737e+00   2.3183143e-01   6.3249446e-01   3.9504113e-01   6.9742113e-01   8.6911929e-01
  -1.2011908e+01  -5.6652402e-01   2.4001923e+00   1.0267276e+00   1.3124261e+00   1.6100770e+00   1.0885598e+00  -4.5868014e-03   5.2261183e-01  -3.9919639e-01  -3.3654510e-01   5.2425850e-01
  -1.2424764e+01  -8.6154060e-01   2.0424842e+00   9.5392821e-01   1.2576456e+00   2.0757788e+00   9.5027096e-01  -1.4811249e-01   1.3980499e+00   1.6962230e-01  -1.4414926e-01   3.1015847e-01
  -1.2149711e+01  -1.3530070e-01   2.3761264e+00   1.2852919e+00   1.4598963e+00   1.3607034e+00   4.8677221e-01  -5.9672574e-01   5.3853621e-01   7.8573987e-02  -1.8000459e-01   9.1952449e-01
  -1.1883720e+01  -5.1942260e-01   2.1167809e+00   1.2657540e+00   1.5431166e+00   1.4552199e+00   1.0812395e+00  -6.6561668e-02   7.3799221e-01   1.8080875e-01  -3.5466721e-01   3.0575578e-01
  -1.1474268e+01  -5.2191274e-01   2.4452166e+00   1.8617084e+00   2.1259620e+00   1.7895767e+00   1.1865076e+00   7.9990393e-03   9.2931924e-01   3.3856038e-01   1.8434919e-01   4.8899753e-01
  -1.1065149e+01  -1.1909525e+00   1.0335230e+00   1.0776629e+00   1.8873148e+00   2.0409998e+00   1.5456830e+00  -2.9723556e-02   1.0233036e+00   4.7206767e-01   6.0404607e-01   1.2295274e+00
  -9.8094336e+00  -7.7078692e-01   1.2440495e+00   9.7687237e-01   1.7264681e+00   1.5468574e+00   1.2948927e+00  -2.4747474e-01   6.2104451e-01   3.7397723e-01   2.7548294e-01   3.2022658e-01
  -9.2418676e+00  -7.0938164e-01   9.6746444e-01   1.1041844e+00   1.7884478e+00   1.1914374e+00   1.0593419e+00  -6.1648379e-02   9.3304110e-01  -7.9688606e-02   1.0116292e-01   7.2059659e-01
  -7.7551121e+00  -4.0641779e-01   1.2555771e+00   1.3481641e+00   1.7141970e+00   1.5240939e+00   1.2285667e+00  -3.5698226e-01   3.1951088e-01   1.4022110e-01   1.4837817e-01   8.4012993e-01
  -7.0834818e+00  -1.1220026e+00   3.9832919e-01   1.7805177e+00   2.0204809e+00   1.9596490e+00   1.5526426e+00   1.1979805e-01   3.3470351e-01  -3.8067980e-01   1.6178463e-01   9.8088789e-01
  -7.4130998e+00  -2.2008668e+00  -5.6534201e-01   7.6450923e-01   1.2016905e+00   1.0746663e+00   6.7814921e-01  -3.9631644e-01  -1.1752558e-01  -8.6670748e-01  -2.5437648e-01   2.3112745e-01
  -6.3814364e+00  -1.5202589e+00   6.9034825e-03   1.7941153e+00   1.9413769e+00   1.5582676e+00   9.8539274e-01   3.2556904e-01   5.8704232e-01  -3.3892067e-01   2.3589234e-01   9.3064016e-01
  -5.6058715e+00  -1.5121330e+00   8.4028339e-03   1.7638126e+00   1.6669467e+00   1.6754650e+00   7.6788421e-01  -3.5295485e-02   5.2751684e-01   5.4314333e-03   6.2742818e-01   8.0224123e-01
  -5.5338737e+00  -1.6873515e+00   1.0464326e-01   2.1425624e+00   8.7545123e-01   9.4558359e-01   5.4064131e-01   3.2683416e-01   6.9050013e-01   1.4429525e-01   5.1022309e-01   9.3738717e-01
  -5.2687901e+00  -1.6764917e+00  -3.6594961e-01   1.9994362e+00   1.1880097e+00   1.2723596e+00   1.0948925e+00   9.5338686e-01   1.3230791e+00   2.4619907e-01   1.0668363e-01   5.7377432e-01
  -5.5339562e+00  -1.3165742e+00  -3.1341279e-01   1.8079319e+00   1.0767902e+00   1.3058129e+00   3.4485599e-01  -3.6038423e-02   1.2576528e-01  -8.6487488e-01  -2.8070699e-01   8.6972390e-01
  -4.8219307e+00  -5.7203190e-01  -2.8241034e-01   1.3304504e+00   9.2033575e-01   1.7173431e+00   9.0476537e-01   5.9740004e-01   1.0614844e+00   4.5656509e-02   2.3043107e-01   1.0433373e+00
  -7.7000492e+00   4.6533620e-01   1.5094408e+00   1.7854366e+00   1.8226379e+00   9.6709487e-01   1.0882413e+00  -3.8805929e-01  -1.9096847e-01   7.2676323e-01   7.3376369e-01   5.3501248e-01
  -9.8208961e+00   4.2648714e-01   1.8651321e+00   1.4513994e+00   1.7325175e+00   6.8525001e-01   1.0371563e+00  -2.6329814e-01   1.2054504e-01   5.7659653e-01   8.7166513e-01   4.1650623e-01
  -1.1721200e+01  -3.8009104e-03   1.6136651e+00   8.0844807e-01   1.4927581e+00   1.2512054e+00   1.1804636e+00  -4.5609737e-01   2.8011130e-01   2.9466475e-01   4.3361302e-01   3.8297993e-01
  -1.2102343e+01  -3.8400506e-01   1.3012748e+00   1.5101691e+00   2.0674487e+00   1.1924125e+00   9.5125748e-01  -7.4885708e-01  -3.2604045e-01  -3.2368709e-01   2.2380714e-01   5.4888748e-01
  -1.1834191e+01  -9.8743279e-01   6.3472487e-01   1.7227544e+00   2.0159279e+00   1.2166185e+00   1.4630947e+00   2.0542524e-01   2.8528938e-01   3.9358466e-02   2.5216754e-01   6.1858159e-01
  -1.2628350e+01  -4.0075749e-01   1.1805469e+00   2.2013719e+00   1.7823976e+00   1.0382037e+00   1.1203602e+00   5.3359145e-02   5.5563795e-02  -5.2175584e-02  -3.0594285e-02   2.5249062e-01
  -1.3972499e+01  -7.8546817e-01   1.2324968e+00   1.8062487e+00   1.9282132e+00   1.1857072e+00   5.4644980e-01   5.3075774e-01   6.9984809e-01   7.1527035e-02   1.8725148e-01   5.5237511e-01
  -1.2810316e+01  -4.6056770e-01   1.5783883e+00   3.3684379e+00   2.5130916e+00   1.2800510e+00   1.9428875e+00   5.6233762e-01   1.7394218e-01  -6.4777182e-03  -2.2600549e-01   3.0763480e-01
  -1.3557682e+01  -7.9123003e-01   1.0637590e+00   2.3329704e+00   1.5162337e+00   2.8105685e-01   9.5243411e-01   1.3608546e-01  -4.9974694e-02  -1.6825890e-01   5.9593526e-02   4.0529880e-01
  -1.2706394e+01  -5.8784342e-03   1.6981693e+00   3.2235388e+00   2.6043243e+00   9.4367241e-01   7.6067931e-01  -4.1884460e-01  -1.5308191e-02   1.8588298e-01   1.5737507e-01   3.8532920e-01
  -1.2795308e+01  -4.5680879e-01   1.5706669e+00   2.9529443e+00   2.2077818e+00   2.6521577e-01   7.3958969e-01   4.9222886e-02   7.6229477e-01   5.6782730e-01   4.6669165e-01   4.5907049e-01
  -1.2783565e+01  -1.3181244e-01   1.2073175e+00   2.6314880e+00   2.1319827e+00   4.7396579e-01   1.2572339e+00   1.0133731e-01   4.0847417e-01   8.3352664e-01   3.7322104e-01   5.0495306e-01
  -1.1841382e+01   3.0713464e-01   7.0998063e-01   2.2678492e+00   2.2397926e+00   4.2348114e-01   1.1168342e+00  -2.2657087e-01   2.5002094e-01   9.6968547e-01   3.8347816e-01  -9.4331663e-03
  -1.1176528e+01  -3.0605027e-01   3.0201192e-01   8.0828069e-01   1.7698460e+00   5.6582478e-01   1.4797377e+00   1.5016925e-01   4.2892761e-02  -2.9204725e-01   7.1273590e-02   4.1459061e-01
  -1.0213781e+01  -4.8153831e-01   7.5767600e-01   1.5720829e+00   2.3443400e+00   1.0882656e+00   1.9562031e+00   1.5048767e-01  -1.5288431e-02  -2.7454412e-01   3.8693002e-01   1.9099823e-01
  -9.1257512e+00  -6.1521285e-01   1.1045952e+00   1.3817379e+00   1.6506340e+00   3.4289246e-01   1.1853496e+00   1.0914416e-01   6.7306458e-01   1.0167515e-01   2.5865413e-01   8.1357691e-01
  -9.4889698e+00  -1.1275258e+00   7.5539124e-01   1.1011083e+00   8.8744652e-01  -5.0146080e-01   7.0204360e-01  -1.8284726e-01  -8.3774033e-02  -4.0487915e-03   3.0767532e-01   8.8944750e-01
  -8.0512872e+00  -5.3543043e-01   7.5956191e-01   4.9400077e-01   7.3773278e-01  -3.2280944e-01   7.1814743e-01  -2.6417661e-01  -6.1821047e-02   4.2460542e-01   4.5838247e-01   8.6792855e-01
  -7.5705134e+00  -3.1096631e-01   1.6862064e+00   1.3369163e+00   1.1316568e+00   1.9210123e-01   1.5739183e+00   4.7763230e-01   3.0521950e-01   4.8866509e-01   3.5016761e-01   3.5329775e-01
  -7.7626617e+00  -4.4948408e-02   1.5664486e+00   1.0672680e+00   1.0240134e+00   7.2997544e-01   1.4215735e+00   5.2391937e-01   3.9237128e-01   3.9856136e-01   4.9747904e-01   1.1486167e+00
  -8.5385873e+00  -5.6238152e-01   1.1029009e+00   8.9261061e-01   8.7100810e-01   7.0781231e-01   1.0535060e+00  -4.8409330e-02   1.1179540e-02   3.3768484e-01   5.2960192e-01   6.0712002e-01
  -8.9038098e+00  -4.8355643e-01   1.5510191e+00   1.7759740e+00   1.6511602e+00   1.1637718e+00   9.6207873e-01   3.9031672e-02   1.1887664e-01   5.4489345e-02  -1.3713858e-01   3.3543317e-01
  -8.7666015e+00  -5.5758684e-01   1.3894343e+00   1.7507242e+00   1.3368250e+00   7.2825622e-01   1.0109410e+00   3.8552513e-01   8.2858600e-01   6.7214638e-01   4.1141498e-01   4.6299936e-01
