  -1.5253288e+00   8.9185797e-01   2.8948149e-01  -5.8207784e-02   1.3147692e+00  -1.1200403e-01   7.1548131e-01   4.3112921e-01  -1.4352855e-01  -6.9205139e-01   5.6617696e-01  -1.2384347e+00
  -2.0038120e+00   5.6547737e-01  -3.2764560e-02  -4.5895070e-01   4.8581004e-01  -5.1024464e-01   7.7584456e-01   9.2609074e-02  -6.7270128e-01  -7.5180630e-01   4.4588897e-01  -6.7835455e-01
  -1.0615488e+00   3.9281203e-01  -1.9932209e-01  -7.6444439e-01   3.9157577e-01  -7.1838428e-01   4.1430748e-01  -2.0778888e-01  -5.8276310e-01  -1.3193606e+00   5.0677322e-01  -5.1785031e-01
  -1.4142368e+00   3.2784396e-02  -1.3318388e+00  -4.8715573e-01   9.6457180e-01   3.2290401e-01   5.6993438e-01   2.8407233e-01  -7.4866834e-01  -1.3547416e+00   7.8105367e-01  -4.6162369e-01
  -2.1594767e+00  -8.1644578e-01  -6.6106046e-01  -1.1884658e+00   8.8549030e-02  -7.5158724e-02   1.9428953e-01  -2.3933900e-01  -1.0931066e+00  -8.9920366e-01   1.0822919e+00  -7.8842150e-01
  -7.1782993e-01   6.9917999e-01  -6.7196531e-02   3.4959602e-01   1.4074827e+00   2.7400097e-01   7.7435557e-01   5.2655825e-01  -4.3721314e-01  -6.3739296e-01   6.9356472e-01  -4.3475759e-01
  -7.0530714e-01   5.1058124e-01  -2.4757114e-01  -7.2994451e-02   5.8183366e-01  -1.4868658e-01   5.8789966e-01   5.4444348e-01   2.4433245e-01   2.2377082e-02   8.7996671e-01  -4.6646492e-01
  -8.9865520e-01   1.0442362e+00   6.0607720e-02  -1.6944495e-02   5.7023252e-01  -5.2827859e-01   7.8160811e-01   6.6536572e-01   2.9503779e-02  -9.4211436e-01   1.2472342e-01  -3.6819592e-01
  -1.6479730e+00   5.2366727e-01  -5.4839165e-01  -6.7042597e-01   2.1794251e-01  -6.8075269e-01   2.5165871e-01   1.3193198e-02  -5.4169367e-01  -9.8100824e-01   3.7860373e-02  -9.8880974e-01
  -1.1329704e+00   6.1145528e-01  -4.4621552e-01  -5.1193033e-01   1.5436282e-01  -1.0407358e+00   1.1454419e-01   4.3623463e-03  -3.3163509e-01  -6.4687105e-01   6.5422700e-01  -9.2902638e-01
  -1.1660107e+00   1.1748535e+00  -1.3740175e-01   3.2023224e-01   5.2780349e-01  -2.2196320e-01   3.3227452e-01   3.0652948e-01  -3.9316452e-01  -4.7199795e-01   5.1104457e-01  -7.2666963e-01
  -1.5743283e+00   1.0057825e+00  -2.0255158e-01  -2.5758281e-01   9.8198362e-01  -1.9237573e-01   7.1254665e-01   4.9675585e-01  -9.0180285e-01  -1.2574516e+00   3.1022320e-01  -5.1181391e-01
  -2.8650212e+00   9.9240486e-01   1.3047165e+00   5.7460780e-02   1.0155200e+00  -2.1298116e-01   9.6301543e-01   1.6249324e-01  -3.2956929e-01  -6.6983356e-01   9.7764368e-01  -5.3672521e-01
  -2.3890008e+00   3.9955504e-01  -2.9318686e-01  -5.9779665e-01   1.0887904e+00  -1.3402445e-01   1.0233238e+00   6.5129386e-01  -8.7251624e-01  -5.3212566e-01   9.6744362e-01  -1.6230049e-02
  -3.8149256e+00   2.2581058e-02   1.0338641e+00  -1.2415578e+00   5.8860855e-01  -4.2324111e-01   1.2386025e+00  -1.2219226e-01  -4.2224325e-01  -2.8716592e-01   5.5530111e-01  -5.1884511e-01
  -2.2000626e+00  -1.7629307e-01   2.8870936e+00  -3.0729035e+00  -1.7993528e+00  -2.1628730e+00  -3.1783741e-02  -1.4084635e+00  -3.2030499e-01   1.3135843e+00   8.3227056e-01  -1.2672525e+00
  -5.3053519e-01   1.1881339e-01   2.7737683e+00  -1.7918823e+00  -1.6898769e+00  -2.7299894e+00  -2.2384662e-02  -5.0575177e-01  -4.6800422e-01   7.1781640e-02   9.9464317e-01  -1.6219318e+00
   2.0966744e+00   5.3430857e-01   4.3917004e+00  -1.0497562e+00  -2.7982261e+00  -3.6577959e+00  -3.8118285e-01  -3.6597070e-01  -5.5978008e-01   9.3895162e-01   8.6704228e-01  -1.9273487e+00
   2.2949659e+00   8.4066599e-01   4.2861726e+00  -7.6788694e-01  -1.9780630e+00  -3.4847258e+00  -1.5418786e+00   8.3958023e-02  -7.9079790e-01   1.4526064e-01   1.9259542e+00  -2.0016783e+00
   2.7737150e+00   1.8851112e+00   3.1776579e+00  -1.4093716e+00  -1.1704447e+00  -3.0313222e+00  -5.6830975e-01  -1.2480425e-01  -8.8800014e-01   2.2397672e-01   6.3812291e-01  -2.6437714e+00
   1.7862482e+00   1.6824233e+00   7.2025223e-01  -3.8019921e-01   3.4845427e-02  -1.0844322e+00   3.8836211e-01   3.4695690e-01  -3.7893373e-01  -6.8343326e-01   4.3393251e-01  -1.6538860e+00
   1.8081148e+00   2.2576522e+00   1.9396829e+00   2.7821222e-01  -2.9033556e-01  -1.7412947e+00  -5.1137763e-01  -7.0466485e-01  -3.7723884e-01  -1.0250137e+00   5.7056659e-01  -1.1612353e+00
  -7.4785552e-02  -2.0848321e+00   5.4790211e-01  -8.3476848e-04   2.2981309e+00  -3.9151597e+00  -1.6310772e-01  -6.4419441e-01  -7.3892461e-01  -1.3884234e+00   4.7852456e-02  -1.6371849e+00
   2.5814209e-01   6.9791854e-01   2.3613474e+00  -7.2596164e-01   4.2614770e-01  -2.2279462e+00  -6.4404137e-02   5.8980583e-01  -1.1545400e+00  -3.3140956e-01  -2.8691158e-01  -8.9116233e-01
   1.3227367e+00   1.6664025e+00   3.4622485e+00  -9.2702868e-01  -5.2864888e-01  -3.6619427e+00  -1.2851841e+00   5.9913372e-01  -1.4483719e+00   3.8346787e-01   8.9734593e-01  -1.5226583e+00
   1.8250071e+00   3.0522931e+00   3.6521249e+00  -1.7010879e+00  -7.1179495e-01  -3.5662868e+00  -1.6124177e+00   8.8845197e-01  -1.0042200e+00  -1.6875971e-01   1.7209516e+00  -1.9080328e+00
   2.2511292e+00   3.7779324e+00   2.1520779e+00  -2.5385137e-01  -3.3391045e-01  -1.8779331e+00  -4.5634985e-01   9.2603216e-02  -8.7904394e-01  -3.8583350e-01   5.4046973e-01  -1.2022407e+00
   1.8938543e+00   2.6338332e+00   1.7122483e+00  -1.0006568e-01   1.6794359e+00  -7.1175395e-01  -1.5446183e-01  -2.1901766e-01  -1.5157537e+00  -2.1935713e-01   4.9675465e-01  -2.4408177e+00
   1.8295870e+00   1.7924239e+00   2.4560970e+00   3.5378634e-01   1.5832523e+00  -8.9346120e-01  -1.0103588e+00  -6.7530727e-01  -1.0126622e+00   5.3020552e-01   3.7609620e-01  -2.7580211e+00
   2.3353158e+00   2.6925923e+00   2.2486612e+00  -6.3387024e-01   9.3328458e-01  -2.1146122e+00  -6.5291066e-01  -1.4342362e+00  -4.6640484e-01   2.3992731e-01   1.1704405e+00  -2.4578185e+00
   1.5602927e+00   2.7757325e+00   2.5910850e+00  -1.3767007e+00   3.1245121e-01  -2.2003104e+00  -4.1107187e-01  -3.7029124e-01  -1.2372194e+00   1.6840381e+00   1.1720183e+00  -2.2189512e+00
   1.4075280e+00   2.4791047e+00   1.7759995e+00  -1.7828143e+00  -1.2886075e-01  -2.1892419e+00   2.1972618e-01   3.7655463e-01  -1.7508748e+00   1.0180308e+00   1.5437065e+00  -2.3628975e+00
   4.9047677e-01   2.1451021e+00   1.1793240e+00   1.6855065e-01   1.5785629e-01  -2.0436278e+00  -4.4005744e-01  -5.6275181e-01  -1.2266093e+00  -5.5782876e-01   7.4252051e-01  -1.1491984e+00
   9.5100728e-01   3.3537921e+00   1.2788381e+00   3.3865703e-01   9.2245725e-01  -1.0378016e+00   1.6857547e-01  -4.0979210e-01  -7.1742706e-01  -1.0261879e+00   4.2210663e-02  -6.1977660e-01
   5.1041563e-01   2.8719928e+00   1.1288472e+00   6.4243147e-01   1.0482224e+00  -1.4307960e+00  -2.4419683e-01  -9.7934923e-01  -6.7500384e-01  -9.0423853e-01   1.1469619e+00  -1.3822223e-01
  -2.8875442e+00  -3.2064781e+00   1.3797745e+00  -5.5478270e-01   2.3647132e+00  -2.1517685e+00   9.3092742e-01   4.1410359e-01  -7.3572781e-01  -8.2565284e-01   1.3325985e+00  -1.4805546e+00
   3.9854946e-01   4.2955728e-01   2.2679433e+00  -8.9317202e-01   1.6217250e+00  -1.6371250e+00   4.3496252e-01  -1.2234435e+00  -3.0821895e+00  -5.2230517e-01   1.3068615e+00  -8.3321921e-01
  -8.9988923e-02   8.8005792e-01   3.0838403e+00  -5.2172522e-01   2.5199346e+00  -1.2053715e+00  -3.5826226e-01  -2.7688574e+00  -2.1538784e+00  -5.3538500e-02   1.4519932e+00  -1.1287518e+00
  -6.8330775e-01   1.9977733e+00   3.0024884e+00  -1.2550366e+00   2.1394693e+00  -8.1474464e-01  -5.8725415e-01  -1.7871074e+00  -1.8143442e+00   1.8665037e-02   1.7281123e+00  -1.0573262e+00
  -1.3653095e+00   1.5629926e+00   2.1836744e+00  -8.3569399e-01   2.5073801e+00  -6.6700724e-01   5.1597234e-01  -1.8210363e+00  -1.3471414e+00  -2.9225577e-01   1.3415337e+00  -8.4484231e-01
  -5.5223709e+00   6.9647569e-01   1.4175607e+00  -9.5993863e-02   2.3502715e+00  -7.3224230e-01   7.4228030e-01   1.6576611e-01  -8.5115363e-01  -6.8877036e-01   1.4231924e+00  -6.9297464e-01
  -7.0110317e+00   7.4077401e-01   1.6283709e+00  -9.1621139e-02   2.2448216e+00  -2.0559395e-01   1.1237568e+00   8.5770387e-01  -9.3114838e-01  -9.6989936e-01   4.4035733e-01  -1.1830247e+00
  -7.4194344e+00   9.0369034e-02   2.2419193e+00  -6.1200204e-01   2.0026224e+00  -1.2147052e-01   1.1059257e+00   9.4691405e-02  -4.8517341e-01  -1.1923140e+00   1.1103942e+00  -7.0426309e-01
  -6.6837121e+00   7.1514269e-01   1.6341780e+00  -8.6731990e-01   2.2457817e+00  -4.9484197e-01   1.3742735e-01  -3.4271850e-02  -8.5385693e-01  -1.3627187e+00   8.9296644e-01  -4.9875870e-01
  -7.1148129e+00   1.9834653e-01   1.7652996e+00  -9.9520951e-01   1.2015098e+00  -3.1515039e-01   2.5858667e-01   4.5795098e-02  -5.0699660e-01  -1.5696348e+00   3.6959145e-01  -1.4810241e+00
  -7.9672108e+00  -5.5754883e-02   1.5930808e+00  -1.3081500e-01   2.2414741e+00  -6.9162702e-01   3.5907750e-01   3.4237046e-01  -1.0625362e-01  -7.4873666e-01   1.2804760e+00  -8.2172031e-01
  -6.7142354e+00  -8.7758538e-01   1.5016793e+00  -6.5313269e-01   2.0889402e+00  -5.3619999e-01   8.8008347e-01   4.0331101e-01   2.0556202e-02  -1.2695907e+00   1.1714892e+00  -2.7242566e-01
  -6.1314217e+00  -1.4435196e+00   1.1192704e+00  -1.2120239e+00   1.3519776e+00  -1.1878424e+00   6.2965971e-01   5.0705967e-01  -1.0583195e-01  -6.9347372e-01   1.3685598e+00  -6.6315974e-01
  -1.9533569e+00   7.3084586e-01   1.6005889e+00  -6.9242902e-01   1.1371754e+00  -6.8217849e-01  -3.2465396e-02   5.1909371e-01  -9.5891669e-03  -1.2857731e+00   1.0459735e+00  -3.4662735e-01
  -3.0149473e+00  -2.6984468e-01   9.1359871e-01  -1.5323126e+00   5.6826399e-01  -7.0704930e-01   4.3530385e-01  -3.3883558e-01   1.0101656e-01  -6.4627138e-01   5.2095178e-01  -6.4893056e-01
  -4.2995858e+00   1.2643098e-01   1.8093456e+00   1.5706382e-01   1.1212007e+00  -8.8623512e-02   8.6680112e-01  -4.9558832e-01  -1.4256624e-01  -4.4164659e-01   1.0108797e+00  -8.8146250e-01
  -5.2424833e+00   5.1952822e-01   1.3659214e+00  -9.6053525e-01  -2.6970229e-01  -1.0911662e+00   4.8832433e-01  -2.6741784e-01  -8.8162667e-01  -1.2632339e+00   5.4884583e-01  -2.6990660e-01
  -4.7720406e+00   2.0136843e+00   1.0938876e+00  -3.3613450e-01   6.4601655e-01  -1.0679826e+00   4.1287954e-01  -5.1699648e-01  -3.0054557e-01  -4.1693458e-01   1.0915109e+00  -2.4546173e-01
  -4.0681735e+00   1.6624612e+00   1.2506206e+00  -3.3330829e-01   5.1825708e-01  -2.1651809e+00   2.4508074e-01  -6.9278392e-01  -3.9972359e-01  -1.1331834e+00   7.1844488e-01  -3.3237152e-01
  -1.7465917e+00   6.6558129e-01   3.9493607e-01  -6.3251304e-01   4.2325674e-01  -1.2931100e+00   2.4805387e-01   8.8593917e-02  -2.1001460e-01  -5.4402135e-01   1.4225695e+00  -3.0256547e-02
  -1.0260274e+00   7.4063789e-01   4.5991704e-01  -2.9543445e-01   1.1409604e-01  -1.4311968e+00   5.0833184e-01   3.4814222e-01  -3.6975869e-01  -3.8827988e-01   1.0587704e+00  -6.8210148e-01
  -1.2994939e+00   9.9768984e-01   7.7547127e-01  -2.6788747e-01   3.7439569e-01  -5.6458851e-01   7.1868907e-01  -2.2676466e-01  -4.2745801e-02   1.7551601e-02   1.4358478e+00  -2.7066117e-01
  -5.7445377e-01  -1.3131763e-01  -3.8302083e-01  -5.2240784e-01   3.1195805e-01  -9.1258981e-01   9.4202185e-01  -3.8417942e-02  -1.4549478e-01  -9.3205534e-01   2.9964813e-01  -8.3720611e-01
  -5.6844968e-01   6.1893605e-01   3.7906368e-01   1.8647738e-01   1.0322139e-01  -9.4462124e-01   7.8570484e-01  -3.7308437e-01  -2.1732378e-01  -4.2339629e-01   9.1274738e-01  -9.3351273e-01
  -9.5935774e-01   3.1723180e-01   3.0465347e-01   2.4827715e-01   8.3191335e-01  -5.9301279e-01   7.0778865e-01  -5.7796659e-01  -6.0584433e-01  -1.4769903e+00   7.8247779e-02  -9.5485733e-01
  -5.2118026e-01   5.5568945e-01  -2.8376837e-01  -3.2318778e-01   1.0520930e-01  -5.8603072e-01   9.8037358e-01   6.5001989e-03  -1.2511544e-01  -7.8614446e-01   4.9731368e-01  -8.2112507e-01
  -3.6438004e-01   1.5716101e+00   3.8181330e-01   2.2129831e-01   7.1696847e-01  -4.5197303e-01   6.5621178e-01  -8.2359983e-01  -5.9798623e-01  -7.4420137e-01   7.0843976e-01  -3.9622743e-01
  -7.6391689e-01   9.8570705e-01  -1.3838657e-01   1.1492830e-01   6.8805639e-01  -4.5676528e-01   4.5648388e-01  -9.7653665e-02  -2.7183836e-01  -7.8828641e-01   3.2989184e-01  -7.2096889e-01
  -9.9785441e-01   8.0020145e-01  -2.9155851e-01   2.1978856e-01   4.6469738e-01  -1.0724181e-01   6.9106890e-01  -1.2192006e-01  -4.4843421e-01  -2.7069839e-01   6.2364527e-01  -2.5660790e-01
  -4.2096911e-01   8.6327775e-01  -6.9101152e-01  -1.3041225e-01   6.6132053e-01  -5.0110880e-01   8.4332560e-01  -2.9217040e-01  -2.5785413e-01  -5.0605282e-01   4.5167769e-01  -1.1193443e+00
  -6.8101634e-01   4.3849072e-01  -6.2408338e-01  -6.8618026e-02   5.7673087e-01   5.8375313e-02   8.7780107e-01  -8.0069404e-01  -3.8367045e-01  -7.1262817e-01   9.7879153e-01  -5.0207763e-01
  -9.9272712e-01   1.2044320e+00  -6.6449141e-01   2.8149534e-02   1.3841979e-01  -5.8838711e-01   5.7621928e-01  -1.2233626e-02   2.5247417e-02  -2.8135102e-01   1.4753528e-01  -1.0915319e+00
  -1.2994624e+00   7.3354289e-01  -4.6727715e-01  -6.7059695e-01  -1.8500315e-02  -7.3747412e-01   2.9905241e-01  -2.5424961e-01  -8.7058654e-02  -2.0589755e-01   9.4292383e-01  -3.5812626e-01
