  -5.3700733e-01   8.8623258e-01  -1.1905906e+00  -3.1912110e-01   1.4541376e-01  -4.0352396e-01   1.8569313e+00   4.8623449e-01  -4.3583621e-01  -7.4208528e-01   4.7366759e-01  -2.4184868e-01
  -3.9382793e-01   4.9034759e-01  -1.5707568e+00  -5.8448355e-01   1.6701219e-02  -8.3623498e-01   4.3920201e-01   4.8469527e-01  -2.6271102e-01  -2.9088249e-01   6.3965906e-01  -8.9430455e-01
  -5.8818156e-01   1.8126151e-01  -9.7039133e-01  -1.2722585e+00  -3.3946699e-01  -1.0652567e+00   7.1326042e-01   3.3073694e-01  -7.9821361e-01  -7.2208404e-01   5.8106865e-01  -6.7836817e-01
  -6.3024786e-01  -3.3448619e-01  -1.4120369e+00   2.6966732e-01   1.2829066e+00  -2.5311894e-01   9.8919162e-01   6.9021124e-01  -6.2185537e-01  -4.3970539e-01   1.2406201e-01  -9.4824756e-01
   1.1357906e-01   1.1286734e+00  -9.3266413e-01  -1.5386743e-01   3.3982798e-01  -2.9960128e-01   7.1680032e-01   1.5969546e-01  -7.9529656e-01  -1.0887429e+00   1.5356708e-01  -1.8995399e-01
   1.6487647e-01   1.1357773e+00  -9.2796170e-01   2.3850585e-01  -5.6774985e-02  -4.6229996e-01   7.8316731e-01   1.9111878e-01  -6.0160772e-01  -7.7069412e-01   2.2265287e-01  -2.2901050e-01
   5.1503730e-01   8.7904667e-01  -7.8198079e-01  -2.2848352e-01  -1.4334030e-01  -9.3432106e-01   5.1741125e-01   4.5605081e-01  -7.0596559e-01  -1.0020949e+00   5.0906971e-01  -8.3142338e-02
  -5.4903056e-01   8.7917962e-01  -1.2931958e+00  -1.6219210e-01   1.0803694e-01  -9.3260195e-01   3.1711364e-01  -2.0371594e-01  -8.2436948e-01  -6.2036329e-01   8.5584835e-01  -5.3861910e-01
  -2.8768560e-01   7.5921231e-01  -8.9592540e-01   3.1614373e-01   7.5540057e-03  -4.2923265e-01   8.8493936e-01   7.9008231e-01  -2.4563215e-02  -1.8577427e-01   5.9916471e-01  -7.2051367e-01
  -4.9388787e-01   9.1293570e-01  -7.2026687e-01   4.5833699e-01   8.9205231e-02  -3.4017229e-01   4.0945469e-01  -3.3398503e-01  -7.2749832e-01  -8.5336837e-01   3.7937971e-01  -8.1184026e-01
   1.4452012e-02   7.8920336e-01  -9.9203472e-01  -2.0757801e-01  -2.2617359e-01  -8.4458444e-01   3.0616367e-01  -2.2213889e-01  -5.6604244e-01  -4.5156707e-01   7.1028246e-01   7.7299262e-02
  -2.9279204e-01   1.0466178e+00   6.6454728e-02   4.0271312e-01   6.4055437e-01  -4.7848734e-01   7.5250757e-01   4.5925496e-01  -1.5876415e-01  -3.1408766e-01   6.9736080e-01  -1.0184167e+00
  -1.8221601e-01   4.0313445e-01  -8.7862991e-01   1.9106719e-01   6.2053172e-01  -2.5931883e-01   6.7218222e-01   5.8666627e-01   2.7920011e-01  -1.0898132e-01   8.0126148e-01  -3.7265626e-01
  -1.8931542e-01   2.7310456e-01  -1.3081084e+00   1.9852666e-01   8.4167944e-02  -5.1740375e-01   3.4594394e-01  -6.2360715e-04  -1.6962827e-01  -4.5863229e-01   7.0778218e-01  -3.4463093e-01
  -4.1338524e-01   9.3344016e-01  -1.4620673e-01   2.7534904e-01   2.7497764e-02  -1.0245173e+00   4.7789129e-01   2.3660163e-01  -4.3364471e-01  -3.7554237e-01   9.8918697e-01  -6.0810543e-01
  -6.7571345e-02   6.3801142e-01  -1.1591756e+00  -2.8144779e-01  -2.5045809e-01  -3.2874784e-01   7.9568014e-01  -4.4039797e-01  -7.4982451e-01  -3.7026565e-01   5.6723376e-01  -6.5548734e-01
   5.7537024e-02   1.2658175e+00  -8.0124675e-01  -4.8235027e-02   3.8451137e-01  -1.2899559e-01   1.1203554e+00   8.8212690e-01  -7.9697722e-02  -6.0147955e-01   2.3152651e-01  -5.7260270e-01
  -2.4734201e+00   1.8664604e+00   2.1986369e+00  -3.7967187e+00  -4.3876600e-01  -2.8344113e+00   3.9269169e-01   4.0836104e-01  -2.1713810e-01  -8.0889489e-01   2.1889126e+00  -1.1379391e+00
   1.5377421e+00   1.9482593e+00   4.3461408e+00  -1.3472286e+00  -1.8035831e+00  -2.8529325e+00  -7.1127803e-01  -4.9446163e-01  -2.6609730e-01  -4.5232181e-01   8.8369329e-01  -1.1797660e+00
   2.0897951e+00   1.6678135e+00   5.2714935e+00  -4.8896800e-01  -1.2644033e+00  -2.8143565e+00  -1.1115742e+00  -4.7215946e-01  -1.1030525e+00  -7.8337913e-01   1.5592306e+00  -1.0703682e+00
   1.9264162e+00   2.3538056e+00   4.1808405e+00  -3.9029377e-01  -7.5566609e-01  -3.1845352e+00  -1.0035751e+00   2.4742711e-01  -1.2220710e+00   2.1075656e-01   5.9528816e-01  -1.4686759e+00
   2.3020541e+00   1.7347539e+00   2.4215552e+00   9.6090775e-01  -9.2116213e-01  -2.9205501e+00   5.6713768e-01   6.1520616e-01  -1.1450753e+00  -9.6859178e-01   1.3707277e-01  -6.1620836e-01
   2.8547268e+00   2.9966122e+00   2.3445451e+00   2.7212118e-01  -2.3638527e-01  -6.5680860e-01  -3.2497381e-01  -3.1690991e-01  -3.3314178e-01  -6.4316425e-01   7.2663297e-01  -6.5402596e-01
   2.2765938e+00   1.7794948e+00   1.5434569e+00  -3.5792508e-02  -6.4833521e-01  -6.9813594e-01   6.9751077e-01  -4.1351873e-01  -4.8353316e-01  -8.2468232e-01   6.9658987e-01  -8.5926462e-01
  -2.2928745e+00  -1.3600118e+00   3.1993240e-01   6.4386950e-01   2.5339910e+00  -3.0950190e+00  -3.6486441e-01   1.2878629e+00   1.4146807e-02  -8.7004458e-03   8.1727780e-01  -5.0553942e-01
  -1.9145722e-01  -1.6209112e-01   1.0978492e+00  -1.0975551e+00   2.1039933e-03  -3.3496793e+00   1.4375684e+00   6.7153490e-01  -1.5771162e+00  -1.0514787e+00   9.7880707e-02  -1.7224577e+00
   2.5348984e+00  -1.3016472e-01   3.0563103e+00  -1.3455360e-01  -3.7156601e-01  -4.2781771e+00   1.4718103e+00   8.1501431e-01  -2.2132343e+00   1.3538680e-01   2.8686967e-01  -2.4185345e+00
   1.8498182e+00   1.4960157e+00   3.1022229e+00  -5.5843160e-01  -4.4724888e-01  -3.8623549e+00   8.9490920e-01   9.5068838e-01  -1.2463826e+00  -2.4086793e-01   1.0184631e+00  -1.7711227e+00
   1.7836055e+00   2.9447176e+00   3.3080297e+00  -5.9181436e-01  -1.8894581e-01  -2.5984532e+00   5.5060349e-01   3.5281314e-01  -1.7966747e+00  -5.2569493e-01   1.5585753e+00  -7.3339420e-01
   1.9624383e+00   1.0417166e+00   3.3981410e+00   6.7581471e-02   7.5721338e-01  -1.0070015e+00  -1.0212752e-01   2.1311528e-01  -1.1159864e+00   1.3038954e-01   5.3113924e-01  -2.2852608e+00
   1.6064125e+00   8.2819278e-01   3.2607423e+00  -4.8892483e-01   1.1614133e+00  -6.4573362e-01  -5.8381166e-01  -5.8428729e-01  -1.4154783e+00  -6.0760378e-02   1.0246599e+00  -2.1789829e+00
   1.1112361e+00   2.7184005e+00   3.6568570e+00  -1.1679117e+00   9.1342222e-01  -2.5520645e+00   2.8617016e-01  -8.4538935e-01  -9.6966980e-01  -1.4038361e-01   1.7856006e+00  -1.7502168e+00
   1.5832581e+00   8.9209220e-01   2.9920680e+00  -1.4001720e+00  -1.2332899e-01  -2.2728668e+00   1.1405848e+00  -8.4722160e-02  -1.0780270e+00   8.0541288e-01   1.5707296e+00  -1.6213620e+00
   1.1072202e+00   1.0814814e+00   3.2928590e+00  -9.5342361e-01   3.3843035e-01  -3.0053311e+00   7.8950949e-01   1.0660606e+00  -1.7386055e+00   5.1758157e-01   1.2990121e+00  -1.5506776e+00
   7.9187288e-01   1.3406587e+00   7.7971776e-01   8.7880271e-01   5.3530018e-01  -1.2268532e+00  -3.5636805e-01  -1.6629395e-01  -1.2880600e+00  -7.6965393e-01   3.4044105e-01  -1.5536246e+00
   1.8934216e+00   2.2348318e+00   7.5349568e-01   1.0023133e+00   7.3596552e-02  -9.1292241e-01   4.4904117e-01   7.4739876e-02  -1.0937253e+00  -8.4367840e-01   1.0087838e-01  -1.2223034e+00
  -1.0991363e+00  -8.5303520e-01   2.4855005e-01  -5.0004755e-01   3.5063372e+00  -2.7245207e+00  -3.7163962e-01   4.7401850e-01  -1.2113737e+00  -1.0186634e+00  -6.7653302e-03  -8.9708675e-01
  -1.3330375e+00  -8.1773133e-01   1.1870849e+00   6.8669980e-01   2.7967628e+00  -1.9714423e+00   6.3097572e-01   5.0741605e-02  -1.6521018e+00   1.8075475e-01   4.7565737e-01  -8.2683327e-01
   1.2074330e+00   5.0477609e-01   2.0105998e+00  -4.8004711e-01   2.7457489e+00  -1.1263914e+00  -4.6851472e-03  -1.2816440e+00  -2.9010811e+00  -1.6580968e-01   8.2783990e-01  -1.2044183e+00
   8.5080191e-01  -3.0195422e-02   3.0442838e+00  -1.5913497e-01   2.3271554e+00  -1.1213725e+00   2.1528607e-01  -1.7796642e+00  -2.4135438e+00   2.2262587e-01   7.8095094e-01  -1.0257415e+00
   6.9975960e-01   3.2928999e-01   2.6362929e+00   3.8738145e-01   2.1535069e+00  -5.5044309e-01   6.9836126e-01  -1.1970415e+00  -3.0548150e+00  -2.3350232e-01   9.9670957e-01  -8.4027869e-01
  -2.3639090e-02  -8.4315305e-01   2.9500815e+00  -6.2952315e-01   2.9494843e+00  -4.6989690e-01   1.2242607e+00  -1.2565500e+00  -1.5827645e+00  -1.4342242e-02   1.9034092e+00  -1.5314747e+00
  -1.3548563e+00   3.9235225e-01   1.1314616e-01  -1.7344180e+00   2.1647065e+00  -3.4061065e-01   6.8776183e-01  -4.1978082e-01  -1.7790412e-01   1.1532127e-01   1.9094935e+00  -1.2336256e+00
  -6.5470563e+00  -8.1090364e-01   6.2693959e-01  -4.8261805e-01   1.5249742e+00  -1.4920932e+00  -2.0683484e-01  -1.3792406e+00  -1.2398245e+00  -1.5452013e+00   6.7892016e-01  -1.4543828e+00
  -6.2126548e+00  -1.2204019e+00   3.9922799e-01  -1.7806557e-01   2.1987074e+00  -6.6417437e-01   2.1480167e-01  -1.1850485e+00  -6.0538992e-01  -7.5945983e-01   5.7903149e-01  -1.2305633e+00
  -6.6892871e+00  -1.4368116e+00   8.8973401e-01  -8.3669268e-01   2.0227009e+00  -1.0826067e+00   1.2649104e-01  -1.2703536e+00  -7.1691189e-01  -1.7654755e+00   2.6062333e-01  -1.0302307e+00
  -6.4576365e+00  -1.9737232e+00   1.3500695e+00  -7.6028005e-01   1.7469874e+00  -1.2680589e+00   7.7699928e-01  -5.1185439e-01   2.2263820e-01  -1.6145803e+00  -2.9399399e-01  -1.5540445e+00
  -6.6474662e+00  -2.1038177e+00   8.5085882e-01  -7.8923124e-01   1.2495901e+00  -1.3448731e+00   2.2277092e-01  -1.2099650e+00  -8.9546397e-01  -1.6851257e+00   5.3757745e-01  -1.4521919e+00
  -5.9471955e+00  -1.6803641e+00   1.1432004e+00  -1.2608548e+00   2.0869513e+00  -6.3858389e-01   7.9515363e-01  -2.7079415e-01  -1.4561681e-01  -1.0061093e+00   1.0198758e+00  -8.4679245e-01
  -2.2513977e+00  -1.0284479e+00   3.4504759e-01  -1.4908052e+00   8.2979677e-01  -3.1999204e-01  -1.4844505e-01   2.8943622e-01  -3.3710809e-01  -1.1955896e+00   1.2894602e+00  -4.0860158e-01
  -1.0009453e+00  -2.8571081e-01   1.3401363e+00  -2.9017519e-01   1.7018445e+00  -2.7050048e-01   4.0063461e-02  -2.2607613e-01  -8.3468293e-01  -6.8139185e-01   1.0105590e+00  -1.1007748e+00
  -8.8791516e-01   2.2212043e-01   1.2268885e+00  -7.2360676e-01   7.5167767e-01  -8.9391634e-01  -2.1317395e-01  -2.1788644e-02  -1.1034099e+00  -8.6598521e-01   9.7998432e-01  -8.1980295e-01
  -1.0901614e+00   4.0156369e-01   8.4762126e-01  -1.0063648e+00   7.4744758e-01  -1.6296282e+00  -1.4933279e-02   3.1506666e-01  -1.1988388e+00  -1.0811621e+00   8.9393920e-01  -9.1516669e-01
  -1.7993872e+00  -1.1294760e-01   8.4428532e-01  -7.4737100e-01   1.2285267e+00  -1.4614847e+00   6.1962318e-01   6.4249959e-01  -1.1106616e+00  -1.2095969e-01   5.8686771e-01  -8.3579822e-01
  -1.6182176e+00   5.0140055e-01   7.6133535e-01  -1.2107400e+00   1.8489122e+00  -1.4187309e+00   8.4369923e-01   8.5298636e-01  -9.3476956e-01  -3.6629069e-01   9.0166574e-01  -7.7013690e-01
  -3.7118091e+00   7.6782825e-01   7.4793517e-01  -6.8188074e-01   1.7466205e+00  -2.3330191e+00   7.0976490e-01   6.9947817e-01  -9.7117691e-01  -3.2986947e-01   9.0993409e-01  -6.0760570e-01
  -3.3664244e+00   4.9124055e-01   2.7321922e-01  -1.2207153e+00   1.7659053e+00  -1.5745964e+00   1.1062196e+00   7.6123686e-01  -4.4294755e-01  -5.1759506e-01   5.5498658e-01  -5.2184165e-01
  -3.6971256e+00   7.5099983e-01   8.0412347e-01  -7.4902917e-01   1.4478485e+00  -2.3465670e+00   4.5721684e-01  -9.9591258e-02  -1.5873305e+00  -7.6225434e-01   8.5335868e-01  -4.9922949e-01
  -2.9824487e+00   1.4944406e+00   1.1116269e+00  -9.8198558e-01   1.7294089e+00  -2.0943035e+00   8.8698033e-01   7.8703315e-03  -1.7993734e+00  -6.0579165e-01   3.6647742e-01  -6.7913789e-01
  -3.3208055e+00   7.4019127e-01   4.3790250e-01  -1.6815742e+00   1.7025666e+00  -2.1781340e+00   3.9769167e-01   3.5399246e-01  -1.1770329e+00  -5.1250202e-01   6.3524837e-01  -9.4033970e-01
  -3.3921280e+00   4.9567981e-01   8.0835540e-02  -1.2463791e+00   1.3309347e+00  -2.1323828e+00   4.9741182e-01   5.7388403e-01  -1.7076535e+00  -5.8553153e-01   5.8955231e-01  -4.8647230e-01
  -3.2242932e+00   2.7710556e-01   9.6159483e-01  -7.6035341e-01   1.7954095e+00  -2.1134557e+00   4.3076890e-01   6.2914687e-01  -1.0103135e+00  -1.5192733e-01   1.2709555e+00  -1.4951959e-02
  -1.9621122e+00   1.2813042e+00   9.5325323e-01  -1.2110322e+00   1.2827151e+00  -1.9939980e+00   1.0856414e+00   4.5815960e-01  -1.3340373e+00  -3.1566660e-01   6.3115354e-01  -4.0197885e-01
  -2.1445187e+00   1.0806769e+00   1.6966999e-01  -1.6475470e+00   5.4250779e-01  -1.6120113e+00   7.1835886e-01   1.0241790e+00  -4.9892807e-01  -2.9752710e-01   3.7369389e-01  -8.1411970e-01
   4.3903726e-02   7.0953448e-01  -8.3801380e-01  -9.0296059e-01   6.3644700e-01  -7.7715061e-01   9.8547733e-01   4.5896450e-01  -2.6212771e-01  -2.8720459e-01   7.2205880e-01  -3.1488174e-01
  -3.6243281e-01  -4.1918436e-01  -1.3270923e+00  -5.9298103e-01   4.9319820e-01  -9.9149348e-01   6.6571725e-01  -2.0122300e-01  -8.0283292e-01  -1.0758225e+00   5.7072218e-01  -5.2841669e-01
  -2.4297551e-01   1.0664999e+00  -7.1962564e-01   2.1860958e-01   9.1403065e-01   3.3951272e-01   7.3971257e-01  -2.9870157e-01  -6.0736535e-01  -5.6558624e-01   1.1268485e+00  -1.8949963e-01
  -2.9762517e-01   3.2544187e-01  -1.3942372e+00  -4.4627190e-01   3.4222235e-01  -9.3851403e-01   6.0831986e-01  -2.9264681e-03  -1.8853730e-01  -5.1415523e-01   6.5286334e-01  -5.4691485e-01
   2.0426145e-01   6.5508852e-01  -9.9746060e-01  -6.3528463e-02   1.7567750e-01  -1.2278396e+00   8.6250928e-01  -2.6682441e-01   7.1700658e-03  -6.2622624e-01   6.7770859e-01  -1.0223928e+00
   4.7982622e-02   1.1397229e+00  -4.3699895e-01  -5.9062779e-02  -4.4037553e-02  -4.1547718e-01   9.4476242e-01  -2.7500624e-01  -3.8655817e-02  -7.1927177e-02   1.1941494e+00  -4.1299253e-01
   5.7635783e-01   1.1091362e+00  -5.8153898e-01   1.9759533e-01   1.9859534e-01  -7.0748770e-01   7.4926593e-01   1.3799163e-01   3.6254498e-01   3.7676235e-02   7.7839293e-01  -4.0285751e-01
  -4.6276597e-01   9.0168774e-01  -4.3399276e-01  -9.8931919e-02   9.6824888e-01   3.6656201e-02   1.2644368e+00  -1.5172751e-01  -6.8396693e-01  -6.8729027e-01   8.0389742e-01  -4.5110152e-01
  -9.6423893e-01  -4.0587478e-01  -1.1844656e+00  -1.2988271e+00   5.3192375e-01  -5.5708072e-01   7.5956797e-02   4.2727887e-01  -5.0414663e-01  -2.2647272e-01   1.5399609e+00  -4.9873831e-01
   6.5309262e-01   1.2929157e+00  -6.0560840e-01  -3.8434611e-01  -8.0395098e-02  -6.9174559e-01   1.0656880e+00   5.7202800e-01  -1.0128603e-01  -1.0545880e+00   3.5735981e-01  -6.4042486e-01
   5.1808551e-01   1.0841043e+00  -7.8089213e-01   1.0316369e-01   4.7425498e-01  -1.4507571e-01   1.6344243e+00   3.8286745e-01  -2.1129439e-01  -5.3867781e-01   1.0833661e+00  -6.0814322e-01
   4.5120784e-01   8.7609498e-01  -8.4890536e-01   1.1166114e-01   4.4811750e-01  -3.1494786e-01   8.1881746e-01   1.6201003e-01  -7.7930137e-01  -7.4034201e-01   5.6581521e-01  -6.5797655e-01
  -2.6990764e-01   1.1117346e+00  -8.1467465e-01  -1.5820146e-01   2.0520088e-01  -2.0123109e-01   1.3690673e+00   3.6542426e-01  -6.0738473e-01  -9.2466896e-01   4.3683430e-01  -4.0449535e-01
   6.7607734e-01   1.2117470e+00  -6.8189709e-01  -4.7305191e-01  -3.0842073e-02  -3.7293179e-01   7.4770231e-01  -3.1661426e-02  -3.7222600e-01  -1.7689879e-01   1.1125467e+00  -5.2174295e-01
   1.0283572e-02   4.3415219e-01  -1.9726667e+00  -3.4357551e-01   3.6111781e-01  -4.8136842e-01   6.1398917e-01  -3.5419803e-01  -7.2829073e-01  -1.0275701e+00   7.8947506e-01  -2.8857951e-01
  -1.8891591e-01   4.5617358e-01  -1.8068657e+00  -8.9567738e-01   4.8951226e-01  -1.0894365e-01   1.1090246e+00   2.1041982e-01  -3.4362683e-01  -4.7610416e-01   8.9216436e-01  -1.0085719e-01
  -1.7245098e+00   1.5918318e+00  -6.7245399e-01   3.4947920e-01   1.3450522e+00  -2.6559488e-01  -4.0648632e-01   6.2546281e-01  -7.3283320e-01  -8.2489659e-01   4.9983133e-01  -7.0381857e-01
  -3.8783998e+00   1.9467503e+00   6.8381072e-02  -4.6278120e-01  -2.5210906e-02  -1.6859004e-01  -8.0539671e-01   1.7771541e-01  -8.1044779e-01  -8.4394484e-01   4.7349415e-01  -5.0512986e-02
  -3.7671191e+00   1.5423547e+00  -8.6939009e-01  -3.1159564e-01   6.8117240e-01  -2.7170048e-01  -5.9017014e-01   7.0562974e-01  -8.6812317e-01  -8.6627227e-01   2.4896260e-01  -7.9555956e-01
  -2.2020024e+00   1.3448527e+00  -3.3288360e-01  -1.0521047e-01   6.7007268e-01  -1.0150627e+00   4.3904372e-02   9.3471980e-01  -5.1622121e-01  -1.2714517e+00   1.4978482e-01  -8.4890200e-01
