   5.2563107e-02  -1.0702867e+00  -7.3270071e-01   1.4001662e+00   1.0843978e+00  -5.0462622e-01   4.8358261e-01   3.0071834e-01  -7.0777379e-01  -5.7177673e-01   2.9883049e-01  -1.0290669e+00
  -1.2153484e+00  -2.2636144e+00  -1.9238854e-02   4.7352501e-01   2.8881474e-01  -1.1851306e+00   1.3668297e-01   3.5516928e-01  -8.3239020e-01  -7.3883634e-01   2.3073155e-01  -5.2643248e-01
  -8.7159359e-01  -2.0055876e+00   6.6616518e-02  -2.1309930e-01   5.0848502e-01  -6.6071015e-01   8.0433933e-01   7.0285946e-01  -4.7680685e-01   1.5517122e-01   9.9597213e-01  -4.3015720e-01
  -1.1730403e+00  -1.8160211e+00   1.0944751e-01   4.7131286e-01   1.0958810e+00   8.1695641e-02   1.3036550e+00   7.1322622e-01  -4.1406739e-01  -5.8154662e-01   3.1465327e-01  -4.8585466e-01
  -2.1581416e-01  -6.0773202e-01  -1.3522120e-01   1.0484508e+00   4.4979788e-01  -8.8877811e-01   9.7876131e-01   3.8184903e-01  -7.6207603e-01  -1.0208115e+00   2.3026822e-01  -8.2388176e-01
  -3.0965594e-02  -7.0030971e-01  -4.9431916e-01   7.1757188e-01  -1.5725456e-01  -1.1899715e+00   6.6833148e-01   6.1002878e-01  -8.0786421e-01  -1.2457204e+00   7.0996954e-02  -5.7692936e-01
  -2.0810241e-02  -1.1221343e+00  -9.7989346e-01   7.9762385e-01  -1.2140057e-01  -1.1988531e+00   2.6113288e-01   7.5233428e-01  -1.1099078e-01  -6.7404713e-01   7.3870877e-01  -4.8717606e-01
  -2.9130767e-01  -8.0636664e-01  -1.6901711e+00   4.4891231e-01  -6.8708416e-02  -1.2985675e+00   1.4897129e-01   2.9433785e-01  -1.0211242e-01  -8.5244781e-01   7.3112427e-02  -1.2858005e+00
   1.7082858e-01   4.5269061e-01  -1.0410012e+00   3.6178537e-01  -5.8296199e-03  -5.4171348e-01   3.4952964e-01   5.5569357e-03  -3.7238316e-02  -9.7091969e-01   2.7520103e-01  -4.5566727e-01
  -4.1601637e-01   6.9067791e-01  -1.2614495e+00   1.5671788e-01  -1.7142996e-01  -3.7197475e-01   5.0330057e-01   1.7856790e-02  -7.5975732e-01  -5.6509764e-01   6.5657106e-01  -5.1421299e-01
   2.5162515e-01   1.3641055e+00  -7.6895903e-01  -2.4131471e-01   5.3086958e-01   1.2743125e-01   1.0826457e+00   5.5166105e-01  -5.1258681e-01  -4.0833912e-01   8.6847829e-01  -4.1244839e-01
  -2.6908613e-01   1.2144959e+00  -7.8658367e-01   1.9348953e-01   3.7820894e-01   3.8342056e-01   1.1700540e+00   4.7978739e-01  -5.5433310e-01  -5.8920920e-01   6.4807526e-01  -2.2712761e-01
  -1.3481169e-01   7.8640873e-01  -1.1072679e+00   7.4830610e-03  -1.2413147e-02   2.7891389e-02   8.1749935e-01   6.1715206e-01  -1.4942385e-01  -3.8974645e-01   3.2056687e-01   1.0524528e-01
   5.6176251e-02   1.0412498e+00  -9.4487269e-01   8.7334961e-02   8.8707654e-02  -6.1707497e-01   7.1366720e-01   2.3053998e-01  -4.5789588e-01  -9.5908271e-01   1.8965077e-01  -3.4053093e-01
   6.2520190e-01   1.0501208e+00  -1.2323381e+00  -5.2612388e-01   2.3071611e-01  -3.2169289e-01   8.3651128e-01   1.8837019e-01  -2.3684313e-01  -1.0747535e+00   4.7849900e-01  -6.2986956e-01
  -2.0696172e-01   3.4512993e-01  -1.2845515e+00  -9.4604723e-01  -3.0356186e-01  -5.9462687e-01   9.6967170e-01   3.6971744e-03  -2.9803025e-01  -4.5000755e-01   4.8490946e-01  -5.7461329e-01
  -3.7784218e-01   6.1998018e-01  -1.1684744e+00  -3.3253411e-01  -3.9208787e-01  -9.3818881e-01  -1.1448103e-01  -1.1465025e-01  -1.3536977e-01  -2.7947951e-01   1.1927336e+00  -3.3222395e-02
   1.1105677e-01   1.4255134e+00  -5.7582416e-01   6.3650017e-02  -1.8509479e-03  -1.1793663e+00   6.4872432e-01   2.2931999e-01  -2.7887788e-01  -7.9069852e-01   6.7691947e-01  -1.2571591e-01
  -5.1229819e-01   1.2420408e+00  -5.2863110e-01   4.8324917e-01   5.7463105e-01  -6.6901466e-01   7.0654275e-01   4.5498131e-01  -1.4830324e-01  -3.5754337e-01   6.1456811e-01  -7.7607409e-01
   3.4929215e-02   4.0712216e-01  -1.2829592e+00  -5.3592754e-01   1.3774319e-01  -6.5735748e-01   4.4195919e-01  -4.4388221e-02  -7.8089803e-01  -7.3318656e-01   7.5671610e-01  -7.5628083e-01
  -3.5270854e-01   8.1741094e-01  -7.0726562e-01   3.3002731e-01   7.7691219e-01   6.6926741e-01   1.1672446e+00   2.0803502e-01  -4.5210250e-01  -4.3075084e-01   4.9477566e-01  -7.4912940e-01
  -1.9546749e+00  -1.9620945e-01   3.0024844e+00  -3.4783505e+00  -5.6566805e-01  -2.9222774e+00   2.0126459e-01   3.4596419e-01  -5.5324137e-01   6.1114961e-01   2.2242737e+00  -1.1360492e+00
   1.6901755e+00   1.5639596e+00   4.7666846e+00  -3.2755035e-01  -1.0247879e+00  -3.0983981e+00   7.2724589e-02   4.2938058e-01  -1.4545925e+00  -5.8094187e-01   1.5152980e+00  -1.0528943e+00
   1.7845620e+00   1.3300649e+00   5.6401018e+00   2.7476769e-02  -1.0086079e+00  -3.6075210e+00  -1.1284755e+00  -4.7856288e-01  -7.1539314e-01  -2.5211858e-01   1.5170822e+00  -1.2657895e+00
   2.0619926e+00   2.0278339e+00   3.8802015e+00  -3.9717541e-01  -1.2602251e+00  -3.3152388e+00  -4.0787269e-01  -2.2318167e-02  -3.1843137e-01  -4.5617484e-01   8.6694382e-01  -1.8127938e+00
   1.2795991e+00   2.2638592e+00   3.1537823e+00  -6.2165578e-02  -5.8719680e-01  -3.3141549e+00   4.8933366e-01   9.0157179e-01  -1.9639879e+00  -1.0478891e+00   6.3785702e-01  -7.6619304e-01
   3.1057905e+00   1.7325312e+00   2.0307070e+00   2.0019285e-01   1.3869436e-01  -1.8723861e+00  -5.3371128e-01  -8.7845722e-01  -1.0789221e+00  -6.3200570e-01   1.3243655e+00  -1.3832917e+00
   1.0135633e+00  -1.3410870e+00   5.1907405e-01   5.5936245e-02   3.3994049e+00  -3.2435910e+00  -1.4783812e+00   1.0154437e+00  -1.6165675e+00  -8.0579536e-01   7.1799325e-01  -1.2241880e+00
  -3.1886542e+00  -3.0836601e+00  -8.4309725e-02   2.7530645e-01   1.9391796e+00  -2.4360595e+00   1.3740504e-01   5.1660031e-01  -6.4077927e-01  -1.0324171e+00   1.4935791e-01  -8.7201600e-01
   2.6011974e+00   9.6537024e-01   2.9218788e+00  -4.5608708e-01  -4.2547311e-01  -4.0237003e+00   7.4915532e-01   3.6480422e-01  -1.7971469e+00  -2.2131244e-01   2.9711589e-01  -1.6955549e+00
   1.8315495e+00   2.7717594e+00   3.5236108e+00  -5.9623168e-01  -6.5658851e-01  -3.9988153e+00   4.3474997e-01  -1.1350498e-01  -1.2780806e+00   3.5359191e-01   1.0182482e+00  -2.0987288e+00
   2.3602626e+00   1.2949736e+00   4.1179147e+00  -5.1322964e-01   1.3415909e+00  -1.3164951e+00   1.0029791e-01  -4.3317957e-01  -1.8472644e+00  -4.5307572e-01   1.0453253e+00  -2.3497106e+00
   1.5653175e+00   1.9094768e+00   3.3009632e+00   7.7319099e-02   1.4306670e+00  -1.0686375e+00  -3.6687494e-01   7.1777280e-01  -1.3550333e+00   6.5255890e-01   9.4286558e-01  -2.0240012e+00
   2.1511809e+00   1.6557253e+00   2.9597688e+00  -1.2893406e-01   1.5717912e+00  -9.6847050e-01  -4.6624639e-01  -1.1968477e-01  -1.5894991e+00   4.6042443e-01   3.1727743e-01  -2.1096694e+00
   2.4696092e+00   2.6231571e+00   2.5400058e+00  -5.1433953e-01   1.2964448e+00  -1.4266753e+00  -7.7135901e-01  -6.0839577e-01  -1.5108063e+00   1.3693408e-01   4.6590818e-01  -1.7621473e+00
   2.8714058e+00   2.8682351e+00   3.2105198e+00  -1.2734670e+00   1.2695084e-01  -2.1586109e+00  -4.6441472e-02  -7.1881176e-01  -1.4540900e+00   6.9152620e-01   1.1327236e+00  -1.5786148e+00
   2.0298479e+00   1.6758409e+00   3.3480204e+00  -7.8347966e-01  -1.2937639e+00  -2.9107133e+00   1.1861113e+00   1.5627701e-01  -1.4902698e+00   8.5493840e-01   1.0173860e+00  -1.8014344e+00
   2.0555567e+00   2.4512842e+00   2.2763406e+00   7.0205252e-01  -3.6455739e-01  -1.4628442e+00   1.3756502e-01   9.7763416e-01  -9.8009349e-01  -8.0958995e-01   5.3145739e-01  -1.2435534e+00
   2.3992907e+00   2.3069066e+00   8.4141224e-01   4.8998015e-01   4.9523987e-01  -1.1223097e+00   1.3517748e-01  -2.0158859e-01  -1.0689213e+00  -9.4162348e-01   5.8802641e-01  -1.1797173e+00
   1.2845501e+00  -1.2929051e+00   8.6397576e-01   7.7776353e-01   2.3216511e+00  -4.0090508e+00   3.7749377e-01   4.7702337e-01  -1.6260538e+00  -3.3163900e-01   7.5187408e-01  -7.5846854e-01
  -2.2225303e+00  -2.2341353e+00   4.8865762e-01  -3.9748903e-01   1.1783332e+00  -2.9541234e+00   4.3299358e-01   2.0913946e-01  -1.3838718e+00  -2.3262927e-01   1.1094101e+00  -5.6014214e-01
   2.6630886e+00  -3.9269077e-01   2.6446074e+00   1.2920597e-01   1.9536908e+00  -1.7295442e+00   3.2453778e-01  -1.0159325e+00  -2.8057523e+00   4.3702650e-01   3.6303598e-01  -9.7625115e-01
   1.3327928e+00  -7.8245596e-01   2.9682216e+00   1.8347793e-01   2.4461094e+00  -1.2712133e+00   1.0317443e+00  -1.4887148e+00  -2.6417197e+00  -3.1586788e-01   3.2576801e-01  -9.8539367e-01
   1.3147842e+00  -3.7661548e-01   3.5089004e+00  -2.7989330e-02   2.1701552e+00  -1.0961510e+00   3.5867071e-01  -9.4696102e-01  -2.6958465e+00   1.7868983e-01   1.0018812e+00  -8.1676446e-01
   1.0064802e+00  -3.0466498e-01   3.2606109e+00  -1.9775941e-01   2.2526402e+00  -9.7773572e-01   2.6798730e-01  -9.0068870e-01  -2.4219667e+00   4.1794920e-01   1.2875632e+00  -7.4850086e-01
   6.2348858e-01   4.4217759e-01   2.3533219e+00  -9.2809888e-01   3.1418682e+00  -8.3956949e-01   7.6975810e-02  -6.4001553e-01  -2.0627880e+00  -1.0709611e-01   1.1788690e+00  -4.9190163e-01
  -1.2711773e+00  -7.7969142e-02   1.9954713e+00  -6.6252903e-01   2.4884466e+00  -4.6067967e-01   9.0905639e-01  -8.2582452e-01  -8.0923545e-01  -4.1438472e-01   1.9547517e+00  -1.4777011e+00
  -5.6025043e+00  -5.4788975e-01   2.3523149e+00   5.1331989e-01   3.2008371e+00  -8.6599243e-01   6.8118143e-01  -1.2251916e+00  -5.0916019e-01  -8.6067494e-01   1.0755914e+00  -5.6198806e-01
  -6.4854293e+00  -1.3187207e-01   2.3101089e+00  -5.8754823e-01   2.2464820e+00  -6.9216228e-01   1.2815508e+00  -9.7662856e-01  -4.5952144e-01  -1.1116813e+00   8.7814308e-01  -2.8475895e-01
  -7.0138225e+00  -2.0979046e-01   2.7646766e+00  -4.7938730e-01   2.2481839e+00  -6.0727322e-01   1.7874687e-01  -9.3754486e-01   3.1431946e-01  -1.6524853e-01   8.9959075e-01  -3.6710023e-01
  -7.3129657e+00  -3.1185440e-01   2.1649106e+00  -5.3351698e-01   2.1215235e+00  -8.0306862e-01   1.0264693e+00  -8.2704468e-01  -3.8252197e-01  -6.9121979e-01   8.9560088e-01   2.4077930e-01
  -7.0517773e+00  -7.6976409e-01   1.9972042e+00  -6.8924560e-02   1.7542116e+00  -5.7300494e-01   5.9573409e-01  -1.1513583e+00  -3.8005994e-01  -9.0604160e-01   6.1405867e-01  -5.8780608e-01
  -7.3213028e+00  -1.2328650e+00   1.4214827e+00  -9.9508738e-01   1.0675551e+00  -5.9925040e-01   1.0792990e+00  -7.1468490e-01   8.4027887e-02  -6.9619857e-01   8.3512828e-01  -7.2095595e-02
  -3.6304553e+00  -1.3604709e+00   1.5142518e+00  -1.0435499e+00   6.9217871e-01  -2.9498919e-01   1.0052193e+00  -1.1729585e-01   2.1945771e-01  -7.3448798e-01   8.4010183e-01  -6.9471025e-01
  -2.5043775e+00  -1.1372952e+00   3.7230338e-01  -2.2501249e+00   7.6059351e-01  -1.3257875e+00  -2.8955478e-01  -1.0884919e-01  -1.9816387e-01  -9.0285365e-01   5.1921445e-01  -1.2166192e+00
  -1.2915848e+00   7.0001669e-02   1.4190568e+00  -1.6409862e+00   1.5143072e+00  -7.8266747e-01   3.7171552e-01   6.2491624e-02  -3.6989730e-01   2.5901819e-01   5.5254088e-01  -1.1051704e+00
  -1.9867627e+00   1.8085240e-02   5.3523717e-01  -1.6955819e+00   1.7872725e+00  -9.3318055e-01  -1.0288526e-01   1.0991949e-01  -5.8758642e-01  -9.0563143e-02   4.7077172e-01  -8.3462436e-01
  -3.0424638e+00  -8.8660813e-02   6.8695064e-01  -1.6521248e+00   1.6358761e+00  -1.2457820e+00   2.6720416e-01   6.0242140e-02  -1.0401911e+00  -5.9929578e-01   5.0715703e-01  -8.3599350e-01
  -2.0939789e+00   7.6552601e-01   6.4755290e-01  -2.0980886e+00   1.4559578e+00  -2.5385231e+00  -6.4900389e-02  -3.7009057e-01  -1.9544278e+00  -1.0520287e+00   3.8627977e-01  -1.1820774e+00
  -2.9547584e+00   8.1159327e-01   5.7524390e-01  -1.6221501e+00   1.6555545e+00  -2.3580976e+00   5.9558808e-01   1.7186343e-01  -9.6671936e-01  -6.0945977e-01   9.4768744e-01  -9.5126536e-01
  -3.5451470e+00   1.0041445e+00   8.1890982e-02  -1.5186799e+00   1.6657543e+00  -1.8747834e+00   5.0556465e-01   2.1666796e-02  -9.4257187e-01  -5.0634320e-01   8.1341372e-01  -1.2633489e+00
  -2.7402940e+00   1.0667854e+00   1.3232803e-01  -1.6849637e+00   1.6393708e+00  -2.0726506e+00   5.9867956e-01  -1.7669905e-01  -1.0546831e+00  -3.5937706e-01   7.7249590e-01  -1.1262464e+00
  -3.3309384e+00   7.4331691e-01   5.8934868e-01  -1.0779344e+00   1.9505758e+00  -1.8762688e+00   1.1329646e+00   1.9425931e-01  -1.0629318e+00  -5.3206575e-01   6.5139080e-01  -1.0706974e+00
  -2.9434883e+00   1.1258391e+00   4.0831260e-01  -1.6213830e+00   1.3521691e+00  -1.4083126e+00   1.2117056e+00  -1.0210359e-01  -1.0125941e+00   2.4490532e-01   1.0818474e+00  -5.3206175e-01
  -2.2113587e+00   6.4339670e-02   1.2105516e-01  -1.9924648e+00   8.0453952e-01  -2.0777303e+00   4.9901840e-01   1.0126978e+00  -1.0082903e+00  -1.2904073e-01   1.0134054e+00  -4.3307825e-01
   4.2786046e-02   6.7857527e-01  -3.5176005e-01  -2.7335270e-01  -4.6934712e-01  -1.1050755e+00   6.1447971e-01  -4.3219093e-01  -6.8315254e-01  -4.0911963e-01   5.9971333e-01  -8.4562106e-01
  -4.4553927e-01   1.0363996e-01  -8.9890735e-01   1.8157176e-01   6.4544015e-01  -5.3817411e-01   8.3924443e-01  -3.0717872e-01  -7.4057216e-01  -3.8091023e-01   8.6902610e-01  -3.2855774e-01
   2.9659359e-01   1.7508815e-01  -7.0765417e-01  -3.1398590e-01   1.4535455e-01  -7.5934657e-01   9.5511812e-01  -3.2662268e-01  -6.6138148e-01  -3.8916936e-02   7.6419509e-01  -8.1011658e-01
  -3.7191213e-01   3.8529902e-01  -6.1261926e-01   2.1994159e-01   7.7318363e-01  -6.1190594e-01   8.3915325e-01  -3.8301618e-01  -1.8812871e-01  -4.2835290e-01   1.0279095e+00  -4.7908040e-01
   7.6434242e-02   8.7441678e-01  -4.9607097e-01   1.1246025e-01   3.0382835e-01  -1.0561946e+00   7.2229463e-01  -2.3225607e-01  -5.6946186e-01  -6.6390493e-01   7.3709880e-01  -3.1958843e-01
   8.3068698e-01   1.2153591e+00  -3.6959764e-01  -1.3177539e-02   6.7732070e-01  -5.0031219e-01   1.0100609e+00   3.9193593e-01   2.3279197e-01   2.7980799e-01   7.5192647e-01  -9.1988500e-01
  -4.5194474e-01   2.6733169e-01  -1.5499830e-01  -2.1217684e-01   6.8516114e-01  -4.1706124e-01   1.3406595e+00   5.3020994e-01  -2.7882309e-01  -4.9081682e-01   7.8523506e-01  -4.6192178e-01
   4.4436431e-01   1.4388955e-01  -8.3053784e-01  -3.1328923e-02   3.8675614e-01  -2.7497499e-01   1.1617515e+00  -2.2212150e-01  -6.7893186e-01  -4.8507796e-01   6.6182580e-01  -3.9225057e-01
  -4.5236220e-01  -2.6715159e-01  -9.1575733e-01  -7.0500942e-01  -5.5375984e-02  -1.0594347e+00   2.9999887e-01  -2.3272646e-01  -4.7518360e-01  -7.1909827e-01   6.3762483e-01  -8.5941419e-01
   9.0413016e-01   7.9302713e-01  -1.2919460e+00  -1.0528363e-01   4.6086719e-01   2.6481775e-02   9.0410616e-01   3.2420248e-01  -7.2512754e-01  -4.9506853e-01   1.0128866e+00  -3.8142601e-01
   1.3840775e-01   7.1007319e-01  -1.1526582e+00  -2.9583983e-01   1.5411103e-01  -7.6950313e-01   1.1657128e+00   3.7934481e-01  -3.8143799e-01  -8.5190944e-02   8.8382135e-01  -6.9633959e-01
   2.6922401e-01  -1.5919314e-01  -5.4550282e-01   1.5721214e-01   7.7257787e-01  -7.4457012e-01   6.7246468e-01   1.6114233e-01   2.7253310e-01  -4.1099676e-01   8.5185172e-01  -6.4630172e-01
   1.4325259e-02  -1.5234219e-01  -1.0074373e+00   9.5848959e-02   4.9055279e-01  -8.1737241e-01   7.2327581e-01   4.8140544e-01  -1.8291684e-01  -6.9250736e-01   8.2210678e-01  -4.8454845e-01
   5.3447599e-01  -5.7042259e-01  -1.4010663e+00   2.9817469e-01   9.5181449e-01  -4.3886134e-01   6.3536862e-01   4.7784097e-01  -6.2260758e-01  -8.7176020e-01   4.4029409e-01  -7.7730084e-01
  -5.4426005e-01  -1.6928549e+00  -1.1129299e+00   1.1369207e+00   7.7746970e-01  -1.3696008e+00   4.0521504e-01   2.7993148e-01  -5.8568947e-01  -1.0088928e+00  -8.7722788e-02  -9.6607489e-01
  -1.7245098e+00   1.5918318e+00  -6.7245399e-01   3.4947920e-01   1.3450522e+00  -2.6559488e-01  -4.0648632e-01   6.2546281e-01  -7.3283320e-01  -8.2489659e-01   4.9983133e-01  -7.0381857e-01
  -3.8783998e+00   1.9467503e+00   6.8381072e-02  -4.6278120e-01  -2.5210906e-02  -1.6859004e-01  -8.0539671e-01   1.7771541e-01  -8.1044779e-01  -8.4394484e-01   4.7349415e-01  -5.0512986e-02
  -3.7671191e+00   1.5423547e+00  -8.6939009e-01  -3.1159564e-01   6.8117240e-01  -2.7170048e-01  -5.9017014e-01   7.0562974e-01  -8.6812317e-01  -8.6627227e-01   2.4896260e-01  -7.9555956e-01
  -2.2020024e+00   1.3448527e+00  -3.3288360e-01  -1.0521047e-01   6.7007268e-01  -1.0150627e+00   4.3904372e-02   9.3471980e-01  -5.1622121e-01  -1.2714517e+00   1.4978482e-01  -8.4890200e-01
