  -4.6869753e+00   2.0199854e-01  -1.1778111e-03  -1.7600984e+00   1.4375010e+00  -2.1278421e+00   9.7421059e-01   1.3134174e-01  -1.0138754e+00  -7.8546279e-01   5.5629923e-01  -1.6113373e+00
  -3.2393833e+00   1.5636570e+00   3.0622952e-01  -1.2538807e+00   1.4382706e+00  -2.4527985e+00   1.3655829e+00   1.0571642e+00  -7.7076134e-01  -6.5553091e-01   9.4865438e-01  -1.0230914e+00
  -2.7964594e+00   7.8033406e-01   1.2493841e-02  -1.2351351e+00   1.6197091e+00  -1.8997554e+00   1.2148328e+00   1.0234216e+00  -6.3471759e-01  -6.4140726e-01   5.3809274e-01  -1.1094686e+00
  -3.4406023e+00   2.2680576e-01   3.4901479e-01  -7.7793990e-01   2.0784506e+00  -1.4868906e+00   1.0015988e+00   6.0985912e-01  -6.8276701e-01  -3.3573636e-02   9.5867430e-01  -9.0671448e-01
  -4.9771539e-01   7.6714946e-01  -8.4793266e-02  -1.3558338e+00   8.1926005e-01  -1.8135070e+00   7.2264961e-01   6.6787289e-01  -7.5659419e-01  -7.8891018e-02   4.6529857e-01  -7.4476738e-01
  -8.2211161e-01   1.9278978e-01  -1.1573907e+00  -3.3088844e-01   3.9381373e-01  -1.0237776e+00  -1.3126785e-01  -7.8112921e-01  -3.8938887e-01  -7.9082026e-02   1.1699433e+00  -4.8359659e-01
   3.9959538e-02   1.0364914e+00  -5.1693761e-01  -8.0623019e-02   4.1933309e-01  -5.5578254e-01   2.9985561e-01  -5.2236294e-01  -5.1039247e-01  -1.7152209e-01   6.7750130e-01  -7.5651787e-01
  -2.0304044e-02   9.4612969e-01  -4.1271665e-01  -7.3981094e-02   9.3790918e-01  -6.7103173e-01   6.7017155e-01  -2.7022877e-01  -2.8476195e-01  -4.5933906e-01   1.1211094e+00  -5.5209266e-01
  -2.2684384e+00  -1.2986863e-01   1.5177149e-01  -2.2627491e+00   1.5221627e+00  -3.9191649e-01  -4.5318741e-01   4.5840301e-01   8.6214523e-03  -4.5899202e-01   1.8180086e+00  -1.1627603e+00
   4.4294891e-01   1.3267775e+00  -5.8759373e-01  -3.8200123e-01   4.1068745e-01  -8.1482994e-01   9.0565880e-01   1.6097903e-01  -2.5672315e-01  -8.6482972e-01   1.8322106e-01  -6.9430288e-01
   2.7716173e-02   1.4734856e+00  -7.0421941e-01   3.0084501e-01   5.4842224e-01  -4.2892867e-01   7.0648875e-01   2.0507113e-01   7.2804361e-02   1.4301288e-01   1.2460680e+00  -6.2684072e-01
   9.7841414e-02   7.2591408e-01  -8.5610703e-01  -4.7626749e-01   7.4155178e-01  -3.4107479e-01   1.0522923e+00   3.7429427e-01  -3.7376567e-01  -4.4265609e-01   1.1357324e+00  -5.1879037e-01
  -4.2789972e-01   1.0439030e+00  -3.2889889e-01   1.4310142e-01   1.1916233e+00  -2.0255379e-01   1.4549763e+00   1.0126734e+00   9.1211411e-02  -2.7836951e-02   6.9921971e-01  -5.5745194e-01
   1.3734290e-01   2.2082592e-01  -7.0521398e-01   7.6046545e-01   1.7900000e-01  -8.5089013e-01   1.0124950e+00   7.7419558e-01  -2.9383944e-01  -1.6211553e-01   9.3820071e-01  -3.7756018e-01
  -1.6524658e-01  -2.1656741e-02  -4.9545535e-01   5.1332046e-01   3.9887391e-01  -6.9117755e-01   9.4213527e-01   1.1590587e+00  -1.9716300e-01  -2.2979401e-01   1.0017754e+00  -5.8812790e-01
  -1.1202303e+00  -7.5235138e-01   1.4806958e-01   2.3891468e-01   4.3669925e-01  -7.4882899e-01   9.0987578e-01   9.7234060e-01  -6.0546857e-01  -2.0569531e-01   8.2380212e-01  -1.1610175e+00
  -1.7544818e+00  -2.2247814e+00  -8.2222601e-01   3.0049337e-01   2.2019229e-01  -9.8404865e-01   4.8112502e-01   5.6117206e-01  -1.0279912e+00  -2.3556029e-01   1.3007888e+00  -8.5520366e-01
  -1.3732386e+00  -2.0655174e+00   2.3321374e-01   6.3081832e-01   1.5886841e-01  -4.8823457e-01   8.2559410e-01   3.8692647e-01  -4.6367897e-01   2.8760382e-01   1.2463635e+00  -1.5066827e+00
  -1.2674150e+01   2.0604710e+00   6.1405417e-01  -2.3084216e+00   2.6669351e+00  -1.7568725e+00   1.6856329e+00   6.2097417e-01  -5.1797304e-01   3.0621648e-01   8.2266755e-01  -8.5942942e-01
  -5.0001186e+00   1.4567168e+00   6.3373976e-01  -7.1483335e-01   1.5418828e+00  -2.0035186e+00   1.5171416e+00   5.6519171e-01  -9.2580971e-01   6.2654055e-02   1.8527592e+00  -3.7006376e-01
  -5.0027417e+00   1.8562671e+00  -6.9119406e-02  -9.6378293e-01   8.8796901e-01  -9.9543205e-01   1.1895326e+00  -2.2907466e-01  -9.5215579e-01  -2.0270039e-01   4.4419433e-01  -1.4441945e+00
  -4.5478162e+00   1.9038855e+00  -4.2127503e-01  -5.5165676e-01   1.4326812e+00  -1.0299739e+00   1.5548446e+00  -4.1894123e-01  -1.4016337e+00  -3.0129136e-01   7.0904977e-01  -9.9528518e-01
  -5.8440849e+00   1.4439512e+00  -1.5389410e+00  -2.2271025e-01   1.6523212e+00  -2.4972659e+00   7.0106387e-01  -3.6518525e-01  -1.6518476e+00  -9.6220827e-01   2.9311130e-01  -7.9065829e-01
  -5.0064092e+00   2.7631163e+00  -1.3999662e+00  -5.0645687e-01   3.5225870e-01  -1.1518844e+00   9.4935314e-01   5.4976113e-01  -4.2733791e-01   4.8097868e-01   7.4209412e-01  -2.3735687e-01
  -1.6152600e+00   7.0537417e-01  -5.4509470e-03  -2.3666860e-01   7.2721740e-01  -1.2777561e+00   3.6903491e-01  -3.7039761e-01  -1.2760745e+00  -4.9829151e-01   8.6108528e-01  -6.4516605e-01
  -1.0000150e+00   9.2617823e-01  -2.3743148e-01  -3.8842126e-01   6.4532401e-01  -8.4331869e-01   7.4259082e-01  -1.2055271e-01  -5.3796455e-01   6.1417430e-01   1.3296862e+00  -5.9431703e-01
  -1.9355237e+00   1.4967508e-01   8.3546262e-01  -1.7786203e+00   1.2199296e-01  -1.8105582e+00   1.4790172e+00   1.4546427e+00  -1.7711757e+00   5.2641548e-01   1.6126807e+00  -1.0631735e+00
  -2.3314161e+00   1.2323475e-01   1.9815609e+00  -2.1848419e+00   1.3006758e+00  -2.2853145e+00   1.2818540e+00   1.8015966e+00  -1.8147612e+00   8.8628327e-01   1.3931276e+00  -1.0123322e+00
   5.4593877e-01   2.0155585e+00   3.1876984e+00  -1.6587534e+00   6.1305488e-01  -3.4724833e+00   1.1441718e+00   7.7123459e-01  -2.2172830e+00   7.5334874e-01   8.7233414e-01  -5.8042069e-01
   2.1425487e+00   2.4015488e+00   3.3617076e+00  -1.5339100e+00  -5.4847266e-01  -3.8441092e+00   1.0569942e+00  -7.4829958e-01  -1.6431484e+00   1.5811709e+00   3.7014537e-01  -6.7742460e-01
   2.4036764e+00   2.4341151e+00   3.4165442e+00  -4.5131952e-01  -8.8789378e-01  -3.3045095e+00  -4.7914713e-02   2.2652052e-01  -1.6635167e+00   5.2625972e-01   4.7731937e-01  -7.0511511e-01
   3.6543412e+00   3.0194224e+00   3.6697924e+00  -1.0737129e+00  -7.9978717e-01  -3.4585667e+00   3.7891510e-01  -1.1370104e-01  -7.3618299e-01  -3.0925141e-01   6.8303566e-01  -1.0937010e+00
   2.7256892e+00   3.2213259e+00   2.8490315e+00   2.6215216e-01  -5.7219646e-01  -3.3943587e+00   2.7415954e-01  -8.0118211e-01  -6.1654606e-01  -3.7884667e-03   1.8346962e-01  -1.6126206e+00
   2.7962248e+00   3.2314763e+00   1.2895174e+00   4.2007725e-01   3.4772711e-01  -1.3809853e+00  -4.8546435e-02   8.2183389e-03  -7.3485256e-01  -8.0787271e-01  -1.6853988e-01  -4.6365973e-01
   3.0523386e+00   2.4599149e+00   1.4818655e+00  -2.4078800e-01   4.6887659e-01  -1.2670722e+00   1.1027722e-01  -1.2708419e+00  -1.4239416e+00  -1.5317310e+00   3.5311586e-01  -7.9136164e-01
   1.3409170e+00   6.0277627e-01   4.9517768e-01   1.1967235e+00   1.3042516e+00  -3.2211189e+00   5.5850601e-02  -5.7460905e-01  -8.3568198e-01  -9.1122972e-01  -1.0483376e-01  -5.4316126e-01
   3.7239462e-01   2.9457172e-01   2.1534703e+00  -5.1744306e-01   2.9693650e-01  -3.3153482e+00   9.7268680e-01  -3.7326024e-01  -1.3796884e+00  -8.9638532e-01   7.7889117e-01  -1.1110685e+00
   2.6823282e+00   1.8979929e+00   3.1674879e+00  -8.4272759e-01   8.0571322e-02  -4.4729712e+00   1.0125146e+00  -8.8061240e-01  -1.4574106e+00   7.8495414e-01   1.7965289e-01  -1.7107063e+00
   2.7916451e+00   3.9310899e+00   2.4491891e+00  -4.8792609e-01   9.7608650e-02  -3.3148931e+00  -3.6544261e-02   6.1296604e-02  -1.7395211e+00  -4.3398776e-01   1.1966899e+00  -1.2561081e+00
   1.9510541e+00   2.8759047e+00   2.3416233e+00  -2.4201533e-01   2.2724786e+00  -8.8438105e-01  -5.4123699e-01  -5.2464461e-01  -1.2704430e+00   9.2555663e-01   9.1100155e-01  -2.4094850e+00
   2.8069752e+00   2.8604906e+00   2.3713638e+00  -6.7765061e-01   1.9031172e+00  -8.0371882e-01  -9.7083228e-01   7.4552286e-02  -1.1637795e+00   4.1693218e-01   9.0908483e-01  -2.5999951e+00
   2.9319224e+00   3.2103100e+00   2.9206164e+00  -1.2632079e+00   1.0733224e+00  -1.2282579e+00  -9.2364493e-01  -5.0145950e-01  -1.3174144e+00   2.7226433e-01   8.0453969e-01  -1.6395312e+00
   2.5673789e+00   3.2415766e+00   2.8911071e+00  -2.0332786e+00   1.3405577e+00  -1.7909172e+00  -1.5912612e+00  -1.0873007e+00  -1.3031284e+00   9.0621664e-01   1.8473701e+00  -1.6347282e+00
   1.8582036e+00   2.9485327e+00   3.1061178e+00  -1.3191616e+00  -3.2202103e-01  -3.2452432e+00   5.2878405e-01   2.8008082e-01  -1.6630579e+00   6.5916357e-01   1.3271447e+00  -1.6716633e+00
   2.3838761e+00   1.5808841e+00   3.6250670e+00   7.4257977e-01  -6.0754075e-01  -2.9232465e+00   7.4857414e-02   7.0880812e-01  -2.5522992e+00   1.0880944e-01   6.6562976e-01  -1.0575261e+00
   2.8399018e+00   2.1281588e+00   1.2024608e+00   2.0848661e-01   1.1984352e+00  -1.2578826e+00   4.9167299e-01  -6.9796450e-02  -1.1123111e+00  -1.4741550e+00   6.1182694e-01  -1.3343879e+00
   1.0147368e+00  -1.7424254e+00   1.2161426e+00   1.8791097e+00   2.1101632e-01  -2.5481463e+00  -1.9246446e-01   3.7448864e-03  -1.2983518e+00  -9.6949759e-01   9.0707231e-01  -4.3044468e-01
  -3.1638275e+00  -2.5539226e+00   1.2623672e+00   2.4995659e-01   1.0810239e+00  -3.1343411e+00  -1.5803433e-01  -1.1632403e+00  -1.8673186e+00  -1.2218378e+00   8.2166051e-01  -9.2633050e-01
   2.3670385e+00  -6.7094823e-01   2.8121857e+00   1.1753814e-01   1.7640244e+00  -9.6509801e-01   5.5007980e-01  -1.4990603e+00  -3.4789886e+00  -6.2983513e-04   9.6145459e-01  -1.0904407e+00
   1.7906798e+00  -1.8394872e-01   3.5100681e+00  -4.7069995e-01   2.1792061e+00  -9.8060110e-01   2.3508995e-01  -2.2423583e+00  -2.5937683e+00   6.2684550e-01   6.4550525e-01  -9.1702921e-01
   1.4690535e+00  -7.4235068e-02   3.1020314e+00   2.4611566e-01   1.7180166e+00  -7.7672843e-01  -3.9877520e-01  -1.0312462e+00  -2.6519553e+00   3.9402390e-01   5.4496644e-01  -9.6293656e-01
   2.2051870e+00   7.9435465e-01   3.0625093e+00   1.7745102e-01   2.0356692e+00  -1.2860878e+00   8.3408740e-02  -6.6889376e-01  -2.6916329e+00  -3.5299399e-01   5.3537110e-01  -9.7379617e-01
   2.2295033e+00   1.0916415e+00   3.6771192e+00  -8.2747223e-01   2.3659895e+00  -1.2541974e+00   9.7329599e-01  -1.1636038e+00  -2.1680004e+00  -8.6716253e-01   8.2193939e-01  -1.2116208e+00
   6.4669050e-02   5.5166691e-01   2.0988264e+00   2.8647867e-01   2.4799304e+00  -2.0089547e-01   5.1323864e-01  -1.0442381e+00  -1.3043629e+00  -8.1579649e-01   1.1738671e+00  -6.9343468e-01
  -4.9744062e+00  -7.8646951e-01   1.7988022e+00   8.4382587e-01   3.1761935e+00  -8.9317630e-01   1.0494912e-01  -1.1228504e+00  -7.1584745e-01  -5.8325149e-01   1.4232938e+00  -7.4478195e-01
  -6.4674749e+00  -4.0028048e-01   2.1063122e+00  -1.5376367e-01   2.0856880e+00  -1.0720198e+00   5.5441346e-01  -6.1559457e-01  -1.2372109e-01  -8.5160971e-01   7.6757571e-01  -7.6023185e-01
  -8.1212791e+00  -2.7492904e-01   2.6534040e+00  -3.5030657e-01   2.7341050e+00  -1.2942464e+00   9.7696147e-01  -4.1281163e-01  -6.6716973e-01  -1.2287664e+00   7.6403438e-03  -6.8941821e-01
  -8.1154359e+00  -5.7024684e-01   2.3082609e+00  -6.0451305e-01   2.6684016e+00  -1.0201700e+00   9.2644193e-01  -8.7126995e-01  -1.5735793e-01  -6.3004327e-01   1.2432191e+00   5.4486102e-01
  -8.1002430e+00   3.9917953e-02   2.2215125e+00  -6.6601413e-01   2.0920905e+00  -1.4354891e+00   9.7826309e-01  -1.3123786e+00  -8.1965049e-01  -9.0162849e-01   3.6876888e-01  -7.1399880e-01
  -8.3756993e+00  -1.2332268e+00   2.1126828e+00  -4.0289394e-01   2.3141261e+00   1.3563838e-02   8.3744088e-01  -5.8853252e-01  -4.0857936e-01  -9.8923139e-01   9.1728973e-01  -4.9034652e-01
  -8.7026558e+00  -1.6647639e+00   1.8056573e+00  -7.2519410e-01   1.6896707e+00  -1.0803109e+00   4.3497410e-01  -8.8443380e-01  -1.7840318e-01  -1.5310910e+00   7.4734998e-01  -4.9820309e-01
  -8.4472226e+00  -1.4750078e+00   1.5906126e+00  -8.0171874e-01   1.7343627e+00  -1.1449459e+00   8.2245020e-01  -6.0142019e-01  -5.0306527e-01  -1.2486343e+00   3.2038535e-01  -1.0017164e+00
  -4.2141147e+00  -1.8577172e+00   1.4207069e+00  -8.3397789e-01   1.1864910e+00  -6.6760999e-01   9.4279553e-01  -5.4300264e-01   7.3338006e-02  -1.3637812e+00   4.9309458e-01  -5.6703354e-01
  -2.2387639e+00  -1.2654162e+00   7.5538805e-01  -1.4889708e+00   7.9109134e-01  -7.3821697e-01  -5.9488643e-01  -9.6836404e-01  -9.7036884e-01  -1.3788886e+00   3.4707436e-01  -5.5923882e-01
  -8.5002345e-01  -1.2226142e-01   8.2182250e-01  -1.3800353e+00   1.3574082e+00   7.9354913e-03  -4.4623964e-01  -2.5267491e-01  -2.5400752e-01  -1.1843006e+00   3.2895829e-01  -7.3549065e-01
  -7.2671580e-01  -1.8114290e-01   9.1889011e-01  -1.2189375e+00   5.3368007e-01  -8.8717817e-02  -5.1589490e-01  -5.6784510e-01  -5.0705243e-01  -1.3521980e+00  -2.3585656e-01  -1.6395063e+00
  -1.4005923e+00   4.1212725e-01   6.9663732e-01  -1.1392560e+00   1.1847074e+00  -3.0965445e-01  -6.5988506e-02   1.8414522e-01  -1.9137934e-01  -9.0257644e-01   3.0888981e-01  -4.1765702e-01
  -2.6707679e+00  -8.9684016e-03   3.3626698e-01  -1.6537522e+00   4.2699718e-01  -1.5213764e+00  -2.3592091e-01  -3.7561198e-01  -5.6517572e-01  -2.9848995e-01   1.3184456e+00  -1.7206749e-01
  -2.2902831e+00   1.3639454e-01   5.6851497e-01  -1.1848102e+00   9.3635620e-01  -1.9032937e+00  -8.0556654e-03   6.0873018e-02  -8.0003541e-01  -5.1788384e-01   6.2664200e-01  -9.5152537e-01
  -3.5088982e+00  -3.0221946e-01  -5.2439090e-02  -1.4378268e+00   1.0280616e+00  -1.2702280e+00   8.7854873e-01   6.2744432e-01  -8.4564429e-01  -8.8278848e-01   4.0194177e-01  -6.8112273e-01
  -3.2178260e+00   5.1201298e-01   3.3768206e-01  -1.0902374e+00   1.2973329e+00  -1.4305396e+00   4.0123241e-01   1.2766798e-01  -6.7852147e-01  -4.2684392e-01   4.9515796e-01  -7.7939882e-01
  -3.7334888e+00   5.0082350e-01   9.1039050e-02  -1.0633040e+00   1.0521149e+00  -1.9669038e+00   7.1740319e-01   3.3879314e-01  -2.4335663e-01   1.0649451e-02   1.0391216e+00  -4.4179418e-01
  -3.6493226e+00   9.0344209e-01   2.6545610e-01  -1.4736341e+00   1.1695731e+00  -2.0506914e+00   3.8449889e-01   7.0949940e-01  -5.7730633e-01  -1.6168953e-01   1.0276897e+00  -1.0583123e+00
  -4.7140335e+00   3.5569392e-01  -2.6337706e-01  -1.0936092e+00   1.5822414e+00  -2.0573685e+00   9.6078317e-02   2.5406751e-01  -1.4000042e+00  -1.1048737e+00   4.6931007e-01  -1.5923472e+00
  -4.7698244e+00   1.0884692e+00  -2.1267355e-01  -6.4618447e-01   1.4975893e+00  -1.3055146e+00   3.9485493e-01   5.9060996e-01  -1.0291223e+00  -2.5259223e-01   2.8065479e-01  -1.2741885e+00
  -5.0791704e+00   3.6439585e-01  -3.0529130e-02  -7.7467288e-01   1.4213535e+00  -1.5479244e+00   7.8600783e-01   5.3933719e-01  -1.4478071e+00  -7.0442678e-01   8.8022021e-01  -2.0395405e+00
  -5.8475278e+00  -1.8618788e-01  -3.9552331e-01  -1.4424212e+00   5.3380576e-01  -1.9463505e+00   1.3859011e-01   7.6483589e-01  -7.0101078e-01  -1.0052675e-01   1.3922834e+00  -2.4503319e-01
  -5.6361378e+00   4.8016029e-01  -8.0774907e-03  -1.1206082e+00   7.3445012e-01  -1.4342202e+00   5.6572224e-01   4.0426069e-01  -1.0939215e+00  -1.8870627e-01   8.2364172e-01  -1.2876148e+00
  -4.9125809e+00   5.8893676e-01  -4.3534944e-02  -6.9370797e-01   5.9953974e-01  -1.5355340e+00   8.7290160e-01   1.0721391e+00  -1.2150146e-01   1.3157863e-01   9.5027990e-01  -1.2930360e+00
  -4.0282756e+00   4.0049939e-01   2.8005143e-01  -9.3969936e-01   7.3653509e-01  -1.0992611e+00   8.7377584e-01   6.5330260e-01  -1.0588190e+00  -7.9013074e-01   4.6013925e-01  -9.3609488e-01
  -2.4749271e+00   5.6721394e-01  -1.5336931e-01  -1.0988607e+00   5.4878799e-01  -1.4536555e+00   2.7482794e-01   3.7268319e-01  -8.2212824e-01  -5.9892643e-01   3.7779177e-01  -1.0269675e+00
  -3.8783998e+00   1.9467503e+00   6.8381072e-02  -4.6278120e-01  -2.5210906e-02  -1.6859004e-01  -8.0539671e-01   1.7771541e-01  -8.1044779e-01  -8.4394484e-01   4.7349415e-01  -5.0512986e-02
  -3.7671191e+00   1.5423547e+00  -8.6939009e-01  -3.1159564e-01   6.8117240e-01  -2.7170048e-01  -5.9017014e-01   7.0562974e-01  -8.6812317e-01  -8.6627227e-01   2.4896260e-01  -7.9555956e-01
  -2.2020024e+00   1.3448527e+00  -3.3288360e-01  -1.0521047e-01   6.7007268e-01  -1.0150627e+00   4.3904372e-02   9.3471980e-01  -5.1622121e-01  -1.2714517e+00   1.4978482e-01  -8.4890200e-01
