   4.8042854e-01  -2.6663999e-01  -8.6929234e-01   5.7069359e-01   4.4049657e-01  -1.4912911e+00   5.3934122e-03  -2.1957673e-01   1.8041259e-01  -2.2108146e-01   4.5556981e-01  -9.4761386e-01
   3.3485894e-01  -3.5270735e-01  -1.3280513e+00   1.8224571e-01  -2.7289784e-01  -1.9404922e+00   4.2051355e-02   5.2462773e-01  -2.1532503e-01  -8.0439540e-01   8.6211670e-01  -3.3370358e-01
   4.1189128e-01   3.0192426e-01  -9.0083415e-01   3.5459185e-02  -5.1259870e-01  -1.1755632e+00   1.1825691e-01  -7.2523678e-01  -5.0423323e-01  -6.2391868e-01   4.1561130e-01  -3.1940396e-01
   8.6449228e-02   3.9174488e-01  -1.5300807e+00   2.1201118e-02  -5.3039378e-01  -5.5162841e-01   8.5117968e-01   1.3010486e-01  -5.1678459e-02  -2.0659507e-01   6.2104192e-01  -6.7706396e-01
  -1.2907273e-01   4.6966698e-01  -8.2444156e-01  -3.4878719e-01   3.4007265e-01  -6.0785392e-01   6.4091889e-01  -1.2814428e-01  -4.7430788e-01  -6.6731763e-01   3.1550012e-01  -1.1365516e+00
  -7.1308159e-01   4.1882564e-02  -1.4147419e+00  -5.2933328e-01  -4.8464513e-01  -6.6615950e-01   5.4223956e-01  -3.2948254e-02  -3.6884526e-01  -4.8462054e-01   6.6711661e-01  -5.2008516e-01
  -7.8065070e-01   2.8684358e-01  -1.4656518e+00  -6.7205560e-01  -3.9754168e-01  -7.0061966e-01   3.7688549e-01  -4.7060045e-02  -6.5551786e-01  -5.4954666e-01   4.1198750e-01  -2.6716411e-01
  -4.6285661e-01   8.9605237e-01  -1.3295929e+00  -5.3203791e-01  -8.0699597e-02  -4.9649397e-01   7.5009774e-01  -3.0619299e-02  -1.2403054e-02   3.7390374e-02   1.2324925e+00  -3.2000377e-01
  -2.2232356e-01   7.1275654e-01  -9.5424407e-01   1.2563223e-01   5.2859748e-01  -2.2291083e-01   9.2102109e-01  -6.8163098e-02  -7.2153567e-01  -6.5337892e-01   4.8732542e-01  -8.7816306e-01
  -7.1235123e-01   6.3520995e-01  -1.1962798e+00  -8.0738050e-01  -3.8902733e-02  -9.9245636e-01   3.2780169e-01  -1.9421440e-01  -1.3433044e-01  -3.0855269e-01   3.5715561e-01  -8.3050425e-01
   3.5466506e-01   7.8601125e-01  -1.1424051e+00   2.9066411e-01   5.3742979e-01  -3.6817245e-01   6.5478566e-01   2.3650048e-01  -2.7879589e-01  -4.5104916e-01   1.8717529e-01  -9.7687021e-01
  -8.9495250e-01   6.3339919e-01  -1.0024673e+00  -4.5659299e-01  -7.5428234e-01  -1.0234958e+00   3.4234984e-01  -1.7228075e-03   2.8667623e-01  -3.8175619e-01   1.6087748e-01  -6.9713512e-01
  -4.8909040e-01   5.5401905e-01  -1.1090910e+00  -4.6755362e-01  -3.8075801e-01  -7.4778531e-01   2.8408691e-01   2.1715080e-01  -3.9320158e-01  -1.9982508e-01   6.3443289e-01  -5.0769256e-01
  -8.0893690e-02   1.2816920e+00  -1.2026796e+00  -1.0028224e+00  -1.7062679e-01  -2.8960892e-01   6.5691506e-01  -1.4510201e-01  -3.6210472e-01  -7.4130057e-01   1.0141344e+00  -1.2277404e-01
  -4.5544913e-01   9.3840547e-02  -1.4925030e+00  -7.6305125e-01   1.1105429e-01  -4.9815737e-01   9.3508672e-01   3.4168661e-01  -1.2480726e-01   3.4929290e-02   1.3003431e+00  -8.7259615e-02
   7.7142566e-01   1.7540112e+00  -9.7753486e-01  -9.1250315e-01  -5.7297592e-01  -1.3442381e+00  -2.1516017e-02   9.7725927e-02  -4.1803865e-01  -1.3758448e-03   1.1933133e+00  -6.1511962e-01
  -1.7742885e+00   1.1863620e+00   2.9917275e+00  -3.5530821e+00  -9.1809713e-01  -3.7369002e+00  -3.1379349e-01   1.3702893e+00  -7.3507953e-01   8.6995608e-02   6.2770934e-01  -1.0057940e+00
   1.3892038e+00   1.8492622e+00   4.3963355e+00  -1.9715868e-01  -2.6815439e-01  -3.8183676e+00  -1.1203834e+00  -3.8756788e-01  -1.1970762e+00   1.1355365e+00   1.1363469e+00  -7.1937198e-01
   1.7437463e+00   3.3450966e+00   4.3573113e+00  -7.4922457e-01  -1.7212655e+00  -2.9890347e+00  -8.0737519e-01  -4.5746834e-01  -4.3424302e-01   1.3108171e-01   1.4805897e-01  -2.0155656e-01
   2.0113891e+00   2.2700938e+00   4.5519897e+00  -3.8587897e-01  -8.4434746e-01  -2.5297444e+00  -1.0035737e+00   2.7340751e-01  -1.3959538e+00  -2.5767697e-01   1.0318370e+00  -7.5988198e-01
   2.1899795e+00   2.6710730e+00   3.5773894e+00  -1.5481416e-01  -2.1457210e-01  -3.0714752e+00  -8.2139093e-02  -6.8145937e-01  -7.3779498e-01  -1.0955223e+00   1.0529006e+00  -1.2072024e+00
   4.6632200e-01   3.7152650e+00   2.7853755e+00  -1.8147227e-01   6.7022684e-01  -1.6656681e+00  -4.2297025e-01   4.4278731e-01  -1.4542561e+00   3.4350762e-01   1.7432183e-01  -7.7979004e-01
   1.8026344e+00   1.8071909e+00   8.4452552e-01  -4.3177003e-01  -4.7862068e-01  -9.3267615e-01   2.5189224e-01  -6.9963487e-01  -9.9445694e-01  -5.1038691e-01   4.0680667e-01  -1.0917177e+00
  -4.4795229e-01   1.0230723e+00   1.8914807e+00  -5.1724030e-01   1.4791526e+00  -2.9752986e+00   1.9349442e-01  -2.1515322e-01  -8.6453320e-01  -9.6077765e-01   1.3742359e-01  -8.7153999e-01
  -6.6901530e-01   4.4734680e-01   3.1954689e+00  -1.3909786e+00   1.4830697e-01  -3.0686253e+00   6.1287098e-01  -4.4932598e-02  -1.4731063e+00  -3.5256500e-01   1.2017399e-01  -1.0508365e+00
   2.2581417e+00   1.1570624e+00   3.3367711e+00  -5.1771450e-01  -2.4640962e-01  -3.9320749e+00   6.9257316e-01  -9.3393339e-01  -1.1543448e+00   2.0660361e-01   9.2661633e-02  -1.8228309e+00
   1.7661920e+00   2.7920581e+00   3.4975320e+00  -9.1994939e-01  -4.1643916e-01  -3.8958537e+00   1.6360270e-01   3.5321100e-01  -1.5890580e+00   2.0829491e-02   8.5684800e-01  -1.4531152e+00
   2.7309045e+00   3.2116567e+00   2.3622207e+00   3.6243316e-01   6.6526728e-01  -1.6187152e+00  -2.7358503e-01   1.0045085e-01  -2.3353425e+00  -7.2462138e-01   1.6983170e-01  -1.4773114e+00
   1.0566867e+00   2.0480489e+00   3.3531848e+00  -7.5083296e-01   2.0964909e+00  -9.8694027e-01  -7.1758862e-01  -1.6508009e-01  -1.4078148e+00   2.0964534e-01   7.1128215e-01  -1.8017149e+00
   2.5727053e+00   2.1322755e+00   2.7567513e+00  -1.2799245e+00   1.4843710e+00  -2.0634060e-01  -1.8218707e-01  -7.4077944e-02  -1.8567868e+00   4.6036714e-02   5.3279390e-01  -1.9913428e+00
   1.9967967e+00   3.4347231e+00   3.5638993e+00  -1.3063053e+00   4.9658356e-01  -1.9169025e+00  -1.0122808e+00  -1.0119621e+00  -1.0443369e+00   3.4337067e-01   6.5831044e-01  -1.8274900e+00
   1.8591128e+00   2.2931354e+00   4.3432853e+00  -2.0004515e+00   8.7994804e-01  -3.0373757e+00   6.7765161e-02  -1.2327417e+00  -1.0678665e+00   6.9544959e-01   1.8910029e+00  -1.5959971e+00
   1.9699846e+00   1.9097376e+00   3.8149904e+00  -1.2806984e+00  -2.0054613e-01  -3.3957511e+00   8.7913300e-01   3.8332628e-01  -2.0211682e+00   4.4695842e-01   1.2211517e+00  -1.1227793e+00
   2.4267524e+00   2.6898228e+00   1.7311148e+00   5.2952248e-01   4.1213706e-01  -5.7609551e-01   1.1370596e-01   5.8745032e-01  -1.1606898e+00  -5.9906562e-01   6.3090863e-01  -9.2286202e-01
   2.8832538e+00   1.3770809e+00   9.8926487e-01  -2.4112914e-02   6.7397757e-01  -1.0865258e+00   3.3965827e-01  -7.2529422e-01  -1.2656165e+00  -1.5430281e+00   6.4188943e-01  -6.9424742e-01
  -3.5569685e+00   4.0816138e-01   1.2591604e+00   8.5141129e-01   1.5023272e+00  -2.6101133e+00   4.1560366e-01  -2.1502927e-01  -1.0900318e+00  -1.1003570e+00   1.3321743e+00  -7.3794715e-01
   5.9418137e-01   7.3311790e-02   1.8673667e+00   1.9703850e-01   2.0792741e+00  -2.2343857e+00   2.3867851e-01  -4.2958196e-01  -2.1812987e+00  -3.3278993e-01   7.0382698e-01  -6.3906181e-01
   1.8103927e+00   6.3692116e-01   2.8128847e+00   8.0844752e-02   2.1255375e+00  -4.4942967e-01  -3.2371075e-01  -1.5504720e+00  -3.3049211e+00  -1.0635928e-01   1.2923328e+00  -4.4545975e-01
   1.7950888e+00   9.5647471e-02   3.9149393e+00  -2.5123935e-01   1.7890568e+00  -6.9573375e-01  -1.0987260e-01  -2.2136967e+00  -2.4143419e+00   6.7431408e-01   5.7064431e-01  -1.4089695e+00
   1.4664918e+00  -3.7347497e-01   3.3066674e+00  -3.0622953e-02   2.7193305e+00  -4.2353497e-01  -2.8982810e-01  -1.8171277e+00  -2.4684545e+00   9.1850792e-02   6.1526629e-01  -2.4767435e-01
   1.5164943e+00   1.0415763e-01   3.5910050e+00   2.9020864e-01   2.7612905e+00  -8.1471902e-01  -3.8643202e-01  -1.2328447e+00  -2.4002971e+00   5.5593673e-01   8.1236708e-01  -1.0863830e+00
   1.5983061e+00  -7.3135976e-01   1.8094305e+00  -8.8700803e-01   3.3614510e+00  -4.3987180e-01   5.6364827e-01  -6.7528540e-01  -1.5607405e+00  -3.3156476e-01   1.3805243e+00  -1.0881911e+00
  -1.5038248e+00  -1.1565927e+00   2.2044344e+00  -3.8601922e-01   3.2840832e+00  -1.4935013e-01   1.0248077e+00  -1.7236776e-01  -1.2188996e+00  -4.2960497e-01   1.1816617e+00  -1.1873109e+00
  -5.0224426e+00  -7.8736865e-01   2.0149319e+00   3.3491570e-01   2.8836626e+00  -4.3827387e-01   8.7220688e-01  -8.4811506e-01  -1.2223745e+00  -1.1368468e+00   1.1605660e+00  -4.0890262e-01
  -5.8462091e+00  -5.1268412e-01   2.7362924e+00  -3.1090194e-01   2.6659599e+00  -9.3784209e-01   1.2873904e+00  -2.2751520e-01  -4.6539055e-01  -6.0643693e-01   1.3457806e+00  -5.4938497e-01
  -6.1988304e+00  -8.4926895e-01   2.2444495e+00  -3.6789335e-01   2.7034413e+00  -8.5050047e-01   4.1664690e-01  -1.0581590e+00  -3.0316769e-01  -9.5180346e-01   7.5476692e-01  -5.2182628e-01
  -6.4167995e+00  -4.4350929e-01   1.8958075e+00  -1.1487743e+00   2.1614835e+00  -5.8644760e-01   1.0793897e+00  -4.8573168e-01   3.7050679e-01  -4.5543659e-01   6.7322770e-01  -3.4490809e-01
  -6.6667991e+00  -3.5703769e-01   2.7476912e+00  -8.9993132e-01   2.1008600e+00  -1.0841480e+00   1.2461452e+00  -2.9252973e-01  -1.1575948e-01  -1.0180274e+00   9.6510038e-01  -4.9057660e-01
  -6.6263164e+00  -1.1391628e+00   2.2518068e+00  -1.0438818e+00   1.9039716e+00  -6.5450314e-01   1.0011450e+00  -3.2543357e-01   4.0482639e-01  -1.3908100e+00   4.7347743e-01  -4.2096844e-01
  -6.3759583e+00  -7.0143315e-01   2.1895445e+00  -6.8120410e-01   1.6649767e+00  -1.0676309e+00   6.9906574e-01  -8.1526936e-01   2.1584814e-01  -8.6594142e-01   1.2761232e+00  -1.6677748e-01
  -4.2943463e+00  -9.1905654e-01   1.6041228e+00  -4.9451705e-01   1.4308560e+00  -6.8359520e-01   9.9303794e-01  -3.9258363e-01   6.0074224e-01  -5.7706536e-01   1.2742197e+00   4.4712800e-03
  -1.2330077e+00  -1.3975506e+00   6.6170716e-01  -1.0700136e+00   1.1532555e+00   1.0638673e-01   1.4420908e-01   5.9387652e-01   1.2805899e-01  -9.0716738e-01   8.4063307e-01  -9.6791819e-01
  -1.6737031e+00  -8.2397680e-01   4.4775530e-01  -1.2530311e+00   1.1703958e+00  -3.4408887e-01   2.9590064e-01   3.5228491e-01   2.1994899e-01  -4.5039109e-01   6.3395512e-01  -9.5208974e-01
  -1.9570867e+00  -4.2890093e-01   5.5772871e-01  -1.5485223e+00   1.3097194e+00  -6.4941015e-01  -2.8623268e-01  -3.7635109e-01  -9.4348489e-01  -5.1136299e-01   6.2242026e-01  -2.2286350e-01
  -2.0659944e+00   4.8551026e-01   9.6636327e-01  -1.3075805e+00   1.7540455e+00  -9.3704431e-01   3.8243763e-01   3.8087590e-02  -1.2118739e+00  -4.8920151e-01   5.6328659e-01  -9.1810102e-01
  -2.6657622e+00  -1.8293541e-01   2.3917467e-01  -1.8103774e+00   2.2561164e+00  -9.4758282e-01   9.2574957e-01   7.5347704e-01  -1.2200046e+00  -6.3669376e-01   1.0070923e+00  -8.5044477e-01
  -3.1865759e+00   1.6631055e-01   1.5758971e-01  -1.5690504e+00   1.8572153e+00  -1.4868479e+00   4.2580507e-01   3.0696203e-02  -1.2341169e+00  -7.3696855e-01   5.2221203e-01  -7.9784057e-01
  -3.5630726e+00  -1.7518267e-01  -6.1489082e-02  -1.9036321e+00   1.3458336e+00  -1.8514851e+00   1.1935571e+00   4.3107900e-01  -8.7277502e-01  -3.6551223e-01   8.7355280e-01  -1.1215416e+00
  -3.3428730e+00   9.0498986e-01   3.0998255e-01  -1.0238163e+00   1.5535454e+00  -2.1982070e+00   6.7149009e-01   2.6114609e-01  -5.1676554e-01   1.3069357e-01   1.1631500e+00  -9.2802318e-01
  -4.6355529e+00   1.0116050e+00   4.0533569e-01  -1.4364514e+00   1.0509047e+00  -2.1245610e+00   6.8578268e-01   5.0604494e-01  -1.0131716e+00  -6.1404076e-01   9.0716826e-01  -9.6419970e-01
  -4.9691263e+00   8.1875461e-01  -8.8431144e-03  -1.3286087e+00   1.2332177e+00  -1.7688276e+00   5.0167041e-01   3.1216660e-01  -1.1549358e+00  -2.9648034e-01   1.1279597e+00  -1.2399420e+00
  -3.6634499e+00   9.2924326e-01   3.1903145e-01  -1.2031874e+00   1.6345113e+00  -1.6491691e+00   2.0949142e-01  -4.0801538e-01  -7.4235916e-01  -9.5195772e-02   7.5157322e-01  -1.4072919e+00
  -4.0653920e+00   9.3019699e-01   1.7345593e-01  -1.0576169e+00   1.5189021e+00  -1.7613797e+00   6.5357739e-01   2.5985832e-01  -1.7035437e+00  -4.9760050e-01   7.2089025e-01  -1.3077414e+00
  -2.8414576e+00  -7.7151722e-03  -1.6243743e-01  -1.4682616e+00   1.5055828e+00  -2.0331963e+00   1.0456924e+00   5.8534756e-01  -7.8312884e-01  -4.0650021e-01   6.9719235e-01  -1.0903330e+00
  -1.9318062e+00   7.1843912e-01   5.5605904e-01  -1.6573342e+00   1.2443862e+00  -2.0826043e+00   8.9736799e-01   6.7160412e-01  -1.4803324e+00  -7.0301699e-02   7.8348295e-01  -9.2785812e-01
  -7.7219668e-01   2.7301082e-01   2.2583032e-01  -1.0266069e+00   1.2113962e+00  -1.4449963e+00   9.3795971e-01   5.2948447e-01  -7.3764634e-01  -7.3701902e-02   6.7399079e-01  -9.6992110e-01
   3.9238290e-01   1.1109403e+00   6.8689160e-02   3.1248558e-01   4.2753001e-01  -9.0793884e-01   7.5960669e-01  -6.1705890e-01  -4.1058329e-01  -8.1635433e-01   5.5719400e-01  -9.7968681e-01
  -9.0880008e-01   5.4861790e-01  -5.0915823e-01  -3.7299826e-01   8.0633021e-02  -8.0422399e-01   7.4016286e-01  -6.0794501e-01  -6.5644941e-01  -7.8710746e-01   5.2154319e-01  -1.0086663e+00
  -4.0656718e-02   7.9279175e-01  -1.8723133e-01   3.0560047e-01   4.4662187e-01  -5.2645155e-01   1.1797646e+00   2.9382236e-01   6.4257793e-02  -2.9143139e-01   6.9713936e-01  -1.0537729e+00
  -2.9654234e-01   7.3284796e-01  -7.8246999e-01  -1.8127669e-01   6.6587638e-02  -1.0551071e+00   7.1427573e-01   1.9966683e-01   9.4589999e-02  -4.5632536e-01   1.0787464e+00  -1.7407627e-01
  -8.6954117e-02   8.5008580e-01  -7.9414762e-01  -3.3881603e-01   4.2103213e-01  -5.2793423e-01   3.3481311e-01  -1.5437872e-01  -5.8305340e-01  -8.7092009e-01   3.0115125e-01  -8.3630844e-01
  -9.1278332e-01   1.8959635e-02  -1.0346260e+00  -5.2538069e-01  -3.9624568e-01  -1.0815126e+00   3.8313146e-01   3.4891132e-01   4.8993556e-01   2.4346512e-01   1.4763814e+00   2.2161502e-01
  -6.5357520e-01  -2.0574369e+00  -1.2234528e+00   3.3738795e-01   1.0193795e-01  -1.5818196e+00   1.2891551e-01  -3.4699448e-01  -1.0138700e+00  -9.0159242e-01   7.1762217e-01  -8.6894628e-01
  -5.4074538e-01  -1.9916092e+00  -1.3579118e+00   1.8117232e-01   2.3545083e-01  -2.1761298e+00  -2.7491703e-02  -2.5274951e-02  -4.3584099e-01  -7.3644709e-01   1.2853745e-01  -1.0696228e+00
   4.1294051e-01  -1.1944633e+00  -1.1293833e+00   3.2620612e-01   4.8961449e-01  -1.3378556e+00   4.3627818e-01  -2.1881174e-01  -5.8743040e-01  -9.5977068e-01   6.0573162e-02  -1.0771830e+00
   9.4327812e-01  -8.7799299e-01  -1.2527424e+00   5.9423417e-01   6.4747344e-01  -1.2553039e+00  -6.2510662e-02  -1.6184553e-02  -3.8804351e-01  -4.9024085e-01   6.8573154e-01  -4.4657017e-01
  -5.8475278e+00  -1.8618788e-01  -3.9552331e-01  -1.4424212e+00   5.3380576e-01  -1.9463505e+00   1.3859011e-01   7.6483589e-01  -7.0101078e-01  -1.0052675e-01   1.3922834e+00  -2.4503319e-01
  -5.6361378e+00   4.8016029e-01  -8.0774907e-03  -1.1206082e+00   7.3445012e-01  -1.4342202e+00   5.6572224e-01   4.0426069e-01  -1.0939215e+00  -1.8870627e-01   8.2364172e-01  -1.2876148e+00
  -4.9125809e+00   5.8893676e-01  -4.3534944e-02  -6.9370797e-01   5.9953974e-01  -1.5355340e+00   8.7290160e-01   1.0721391e+00  -1.2150146e-01   1.3157863e-01   9.5027990e-01  -1.2930360e+00
  -4.0282756e+00   4.0049939e-01   2.8005143e-01  -9.3969936e-01   7.3653509e-01  -1.0992611e+00   8.7377584e-01   6.5330260e-01  -1.0588190e+00  -7.9013074e-01   4.6013925e-01  -9.3609488e-01
  -2.4749271e+00   5.6721394e-01  -1.5336931e-01  -1.0988607e+00   5.4878799e-01  -1.4536555e+00   2.7482794e-01   3.7268319e-01  -8.2212824e-01  -5.9892643e-01   3.7779177e-01  -1.0269675e+00
  -3.8783998e+00   1.9467503e+00   6.8381072e-02  -4.6278120e-01  -2.5210906e-02  -1.6859004e-01  -8.0539671e-01   1.7771541e-01  -8.1044779e-01  -8.4394484e-01   4.7349415e-01  -5.0512986e-02
  -3.7671191e+00   1.5423547e+00  -8.6939009e-01  -3.1159564e-01   6.8117240e-01  -2.7170048e-01  -5.9017014e-01   7.0562974e-01  -8.6812317e-01  -8.6627227e-01   2.4896260e-01  -7.9555956e-01
  -2.2020024e+00   1.3448527e+00  -3.3288360e-01  -1.0521047e-01   6.7007268e-01  -1.0150627e+00   4.3904372e-02   9.3471980e-01  -5.1622121e-01  -1.2714517e+00   1.4978482e-01  -8.4890200e-01
