  -2.4812307e+00   1.8545879e+00  -7.9136285e-01  -6.9812400e-01  -8.0435959e-02  -8.0488773e-01   9.5969579e-01  -4.0825294e-01  -4.0954462e-01  -5.4358753e-01   8.6941944e-01  -6.0739620e-02
  -3.5813417e+00   2.3463707e+00  -7.7427053e-01  -5.2735416e-01   8.2596824e-01  -9.5451004e-01   7.2745188e-01  -7.0004263e-01  -1.6692454e-01  -6.7228129e-01   8.9505406e-01  -2.5229127e-01
  -1.3686720e+00   6.4614124e-01  -6.8625306e-01  -1.7569720e-02   1.4393415e+00  -1.1590880e+00   7.1141069e-01   2.8584065e-01   1.9253144e-01  -1.7176045e-01   1.9131577e-01  -8.8766593e-01
  -4.3845599e-01   1.4034443e+00  -7.6513505e-01  -3.4168439e-01   5.3076266e-01  -6.7727627e-01   4.8281221e-01  -2.6518357e-02  -4.1879482e-01  -3.7429341e-01   6.7482686e-01  -9.0300895e-01
  -8.9107690e-01   3.8654105e-01  -1.4492383e+00   5.8430854e-01   1.1367882e+00  -8.6831595e-01   5.9772788e-01   6.3567692e-01   5.4364052e-02   6.5073129e-02   4.3710634e-01  -8.6872217e-01
  -9.5709433e-01  -1.3697084e+00  -2.0627119e+00  -6.1445689e-01   3.6935785e-02  -1.2695226e+00   5.8653132e-02  -1.4860435e-01  -4.5313645e-01  -1.4857455e-01   2.1866243e-01  -1.0717601e+00
  -1.1798374e+00  -4.4071163e-01  -9.2831361e-01   4.9334502e-01   5.4718918e-01  -9.3784810e-01   4.6843137e-01  -9.8608645e-02  -9.0847805e-01  -4.7669948e-01   6.6633857e-01  -5.1112643e-01
  -1.0967065e+00  -1.7515681e+00  -1.0394048e+00   9.5769516e-02   4.1565624e-01  -1.8068090e+00   4.3257726e-01   4.1516895e-01  -4.3787907e-01  -4.9047002e-04   5.2197694e-01  -6.2514210e-01
  -8.0746887e-01  -2.5970823e+00  -9.0521760e-01  -9.5641217e-02   8.4707273e-01  -1.7527891e+00   3.0618300e-01   3.2528021e-01  -3.2424263e-01   7.4924925e-02   6.9518038e-01  -1.8259370e-01
  -9.1979012e-01  -2.8262355e+00  -8.6033376e-01   2.8017300e-01   1.1633055e+00  -1.1690435e+00   5.8506428e-01   5.3751514e-01  -5.8696016e-01  -3.9178654e-02   3.5362719e-01  -5.1418437e-01
  -6.9848735e-01  -2.4697760e+00  -4.5684353e-01   1.2081963e+00   1.1097578e+00  -9.9598251e-01   1.3330833e-01  -8.0022242e-02  -1.0404415e+00  -3.7251660e-01   3.6226699e-01  -6.9751345e-01
  -5.3705917e-01  -2.1662465e+00  -4.8131954e-01   9.8947179e-01   7.1212847e-01  -9.4819686e-01   2.3714208e-01   3.3921431e-01  -9.7348086e-01  -3.6926445e-01   3.5412095e-01  -5.5598010e-01
  -2.9953493e-01  -2.1749070e+00  -5.7282989e-01   1.1878111e+00   1.0425842e+00  -3.4496430e-01   9.1939744e-01   1.4625887e-01  -8.1007580e-01   3.6538966e-02   8.6727903e-01  -1.5191688e-01
  -6.7694553e-01  -1.5905877e+00  -1.2144234e+00   4.9181256e-01  -1.1535076e-01  -7.7402608e-01   2.0331413e-01  -3.7791616e-01  -7.3793337e-01  -5.6255271e-01   1.1015383e-01  -5.8481620e-01
   4.5371791e-01  -1.0004187e+00  -1.3479712e+00   1.6498255e-01  -5.9586238e-02  -7.7799926e-01   4.1310809e-01  -3.1338915e-01  -7.1835214e-01  -7.4095492e-01   7.3760129e-02  -1.0622021e+00
  -1.2408767e-01  -5.2860111e-01  -1.2463214e+00   4.5337522e-01   1.8099957e-01  -8.3860776e-01   5.8131265e-01   5.3738140e-01  -3.6952848e-01  -3.0365533e-01   5.3531889e-01  -1.0653881e+00
  -6.5853244e-01  -3.0148534e-01  -1.6240571e+00  -3.0205176e-01   1.8185995e-01  -2.5990485e-01   3.0648210e-01  -4.5793330e-01  -7.2359736e-01  -5.6575846e-01   4.5120070e-01  -8.0630664e-01
  -4.7204704e-02   1.4233113e+00  -1.9687015e-01  -3.1036201e-01  -2.1707405e-01  -6.5780692e-01   1.2053704e+00   2.6758751e-01   5.3375248e-01   3.0185370e-02   4.7344870e-01  -1.0466220e+00
  -2.9343290e-01   1.2329117e+00  -7.7757352e-01  -4.7116404e-02   3.5228793e-01  -1.1761828e-01   1.5599814e+00   6.1770210e-01   1.6987688e-01  -2.2869156e-01   6.1194395e-02  -5.2229372e-01
  -7.4041317e-01   1.6254986e-01  -1.2660710e+00  -5.7259860e-01  -1.2764389e-01  -1.1030305e+00   2.6550873e-01  -8.2597223e-01  -1.1855661e+00  -4.1356254e-01   2.9418393e-01  -1.0251700e+00
  -6.4006441e-01   3.8203460e-01  -1.4760478e+00  -2.8917798e-01   5.7296120e-01  -6.0762470e-01   8.1002790e-01   1.6260911e-02  -7.8076927e-01  -5.9101265e-01   4.2095648e-01  -1.0390704e-01
  -1.2044155e-02   1.2061848e+00  -1.2715873e+00  -8.6574136e-02   2.0628200e-01  -3.4654491e-01   7.0982769e-01  -1.5996808e-01  -1.0161803e+00  -4.5789342e-01   8.7065846e-01  -2.9822639e-02
   1.6459548e+00   1.5673443e+00  -6.8916853e-01  -6.5105206e-01  -1.1821527e+00  -1.7140990e+00   1.3639294e-01  -8.8801333e-01  -8.2175262e-01  -5.9829871e-02   9.4576359e-01  -9.8820654e-01
   7.8484348e-01   2.7740649e+00   4.3014192e-01  -2.0525090e+00   1.9915076e-01  -2.9392583e+00   3.3629001e-01   2.3943750e-01  -8.8882188e-01   1.6415435e-01   6.9904364e-01  -8.3838052e-01
  -3.6987489e-01   2.0975599e+00   2.4561402e+00  -2.4452513e+00  -1.9826252e-01  -3.4195804e+00   6.9586249e-01   3.2796249e-01  -7.3026732e-01   5.0582495e-01   1.4120669e+00  -2.8077106e-01
   8.1814844e-01   2.5039995e+00   3.3412759e+00  -2.0629399e+00   6.9155359e-01  -3.4057901e+00   5.0355405e-01  -3.3649716e-01  -1.4579519e+00   1.7776809e-01   7.9691309e-01   5.2773680e-02
   2.0615770e+00   3.3250752e+00   3.3235388e+00  -1.7596132e+00   3.5661835e-01  -3.5017339e+00   9.7148064e-01  -2.0067863e-01  -1.3471757e+00  -2.3383110e-01   6.3346331e-01  -2.2570030e-01
   1.9776343e+00   2.5210434e+00   3.6993479e+00  -1.5921516e+00  -3.2237051e-01  -3.3257841e+00   2.1499473e-02   1.3087117e-01  -2.6035096e-01  -2.8946939e-01   6.3153174e-01  -6.3960735e-01
   2.5153675e+00   1.7545892e+00   2.9358235e+00  -2.6119527e-01  -1.0068712e+00  -3.3217326e+00   6.1235918e-01   7.3299227e-01  -6.9094073e-01  -2.1366795e-01   2.0530346e-01  -1.5366348e+00
   2.7178155e+00   2.9725613e+00   1.4435150e+00   4.2097567e-01   4.2777364e-01  -5.8274659e-01   3.4063154e-01  -3.5627778e-01  -8.2754171e-01  -9.6399813e-01   6.7193837e-01  -7.3077832e-01
   2.3294882e+00   2.4812895e+00   1.1277010e+00   4.8278447e-01   1.5570728e-01  -1.1622535e+00  -4.6293379e-01  -6.8751417e-01  -7.8730741e-01  -1.6546167e+00   1.2303171e-01  -7.2607086e-01
  -3.3379882e+00  -2.9314835e+00  -3.0094550e-01  -2.1855240e-01   1.6621681e+00  -2.8585485e+00  -2.9322077e-01  -6.9053397e-01  -6.1670881e-01  -1.5166778e+00   8.1606400e-01  -1.2551004e+00
   2.1118349e+00   9.4020272e-01   3.0300132e+00  -4.8036497e-01  -2.0470631e-01  -3.7904887e+00   1.3229834e+00   3.9395015e-01  -2.1330552e+00  -3.6390426e-01  -2.1049226e-01  -8.6735739e-01
   1.2998295e+00   2.5342919e+00   3.2539025e+00  -1.3380760e+00  -3.0783014e-02  -3.7355919e+00   7.1817217e-01   7.2011442e-01  -1.9812575e+00  -4.5658222e-01   9.3084064e-01  -1.3148624e+00
   2.4189417e+00   3.4108655e+00   1.7412852e+00  -3.2819720e-01   1.0016782e+00  -9.2063167e-01   3.3533276e-02   8.1498320e-01  -1.8749057e+00  -6.0232470e-01   1.5157397e-01  -1.4433251e+00
   2.2747348e+00   1.7966843e+00   2.5923831e+00  -1.4277859e+00   2.0433301e+00  -9.7717604e-01  -1.3944757e-01   6.0023349e-01  -1.0302692e+00   2.4707893e-01   7.8795638e-01  -2.7937070e+00
   2.3435021e+00   1.4976377e+00   2.6403199e+00  -1.0588558e+00   2.4261107e+00  -1.0220865e+00   1.5690542e-01   1.6707072e-01  -1.3121866e+00  -5.8177942e-01   9.2702676e-01  -2.8609471e+00
   2.6066857e+00   3.5500265e+00   2.6309511e+00  -1.0735249e+00   1.2497361e+00  -1.7635751e+00  -6.3638806e-01  -8.9393977e-01  -1.4758731e+00   1.2236429e-01   1.0549860e+00  -8.2167740e-01
   2.6798279e+00   3.8768314e+00   2.8210383e+00  -2.4284805e+00   4.0899525e-01  -2.2929902e+00  -9.8403340e-01  -4.3784860e-01  -1.0745581e+00   1.0941898e+00   1.1474239e+00  -1.4885960e+00
   1.8095205e+00   2.1103608e+00   3.9168177e+00  -1.8351677e+00  -6.2681332e-01  -2.9919537e+00   2.3174025e-01   1.1606989e+00  -1.3508679e+00  -7.2826021e-02   1.0852540e+00  -1.1726726e+00
   2.2162520e+00   1.7293344e+00   2.5084519e+00   5.0882966e-01   1.2904715e-01  -2.9133004e+00   1.9146635e-01   8.2715532e-01  -1.5201963e+00  -1.3935539e+00   1.0237059e+00  -9.6035140e-01
   1.7951168e+00   2.2198094e+00   7.4414665e-01  -2.4262292e-01  -6.3506098e-02  -1.2331035e+00   1.6685156e-01  -2.0471779e-01  -7.9492818e-01  -1.0276147e+00   6.3008919e-01  -7.0033407e-01
   2.3421609e+00   2.3926799e+00   9.1790057e-01   2.9720284e-01  -2.4097955e-01  -1.2245087e+00   3.7665749e-01   3.5186163e-01  -6.0465933e-01  -1.0839120e+00   3.7689548e-01  -8.5282701e-01
  -2.9991966e+00  -1.5464959e+00   1.0165750e+00  -5.5300829e-02   1.4214152e+00  -3.0011458e+00   1.0344024e+00  -1.1866903e+00  -8.3108469e-01  -1.6797527e+00   1.0610518e+00  -1.4260816e+00
   1.6777975e+00  -3.2160673e-01   2.2993001e+00   5.4011615e-01   1.9224747e+00  -1.6279759e+00   5.7343996e-01  -1.5229580e+00  -3.0089717e+00  -4.3720838e-01   5.4797496e-01  -8.3245225e-01
   1.1892945e+00  -2.9437278e-02   1.4111044e+00   9.2910858e-02   1.4066161e+00  -7.1619257e-01   1.0791853e+00  -1.5143169e+00  -2.7596954e+00  -8.0462354e-01   1.4232157e-01  -8.1224278e-01
   1.5000849e+00   2.6928354e-01   3.3302546e+00  -4.6953223e-01   2.7182924e+00  -6.6979605e-01  -8.1786117e-01  -1.3842261e+00  -2.5019288e+00   3.1964582e-03   6.8007434e-01  -7.2502691e-01
   1.5325552e+00   5.8292372e-01   3.8464575e+00  -7.2999001e-01   2.6780894e+00  -7.4524139e-01   3.8045991e-01  -2.0373978e+00  -2.0827650e+00  -2.4785155e-01   9.6543189e-01  -1.0551050e+00
   1.7081704e+00   8.8198456e-01   2.7134561e+00  -2.0319534e-01   2.4178218e+00  -3.1687513e-01  -6.0666354e-02  -1.5801491e+00  -2.4347307e+00   4.1527546e-01   7.9471477e-01  -6.2654089e-01
   5.7778941e-01  -1.6915702e-01   2.5221516e+00  -4.7261127e-01   3.0589620e+00   2.6327142e-01   1.7049863e-01  -5.3322099e-01  -1.3741399e+00  -5.4814460e-01   1.1083243e+00  -8.8307980e-01
  -2.7229695e+00   3.2478295e-01   2.3964390e+00   5.6508550e-01   2.9046807e+00  -3.1129954e-01   1.2027647e-01  -1.3683116e+00  -4.3798527e-01  -9.1960356e-01   1.1557490e+00  -7.2764333e-01
  -7.0168497e+00  -8.3495061e-02   3.3471789e+00   1.1158327e-01   1.9347897e+00  -1.0744054e+00   4.3641157e-01  -1.1036032e+00  -7.0429429e-01  -1.1991314e+00   1.0405079e+00  -6.6971235e-01
  -8.1661712e+00   9.8703774e-01   2.5099961e+00  -2.5493036e-01   2.5228998e+00  -5.3260544e-01   1.1052792e+00  -3.0559389e-01   2.6892159e-02  -1.0241670e+00   6.7178946e-01  -3.2293579e-01
  -8.4367305e+00   9.3445846e-01   2.1184791e+00  -4.9492665e-01   2.0748519e+00  -1.0175543e+00   1.0506147e+00  -6.8923497e-01  -2.0998545e-01  -5.1910548e-01   6.1960893e-01  -8.6615913e-01
  -8.4459362e+00   4.5151634e-01   2.4566889e+00  -4.0650690e-01   2.4561014e+00  -1.3668183e+00   6.5570354e-01  -8.7405385e-01  -1.9637318e-01  -3.0604639e-01   1.0227418e+00  -3.0133431e-01
  -8.1181453e+00   3.1829876e-01   2.0603868e+00  -7.4278899e-01   2.5585911e+00  -1.1423598e+00   9.6253623e-01  -9.1926540e-01   1.4786330e-01  -2.8784127e-01   1.1598487e+00  -7.7218219e-01
  -9.0357891e+00  -4.6642181e-01   1.5912890e+00  -7.2223945e-01   1.9587960e+00  -1.4572692e+00   6.5202459e-01  -1.9218351e-01   3.6070743e-01  -6.1177339e-01   1.2349997e+00  -4.0037767e-01
  -8.2302125e+00  -6.8438427e-01   2.0478030e+00  -4.0842110e-01   1.4733196e+00  -1.4746133e+00   3.4912187e-01  -7.8122730e-01   2.0024302e-01  -8.5346476e-01   4.8501926e-01  -7.7050876e-01
  -2.9110969e+00  -4.8851030e-01   1.2890113e+00  -1.3542305e+00   1.2995632e-01  -3.4871005e-01   2.9418504e-02  -5.4799977e-01  -5.7218048e-01  -1.1728443e+00   3.7529724e-01  -1.0536491e+00
  -1.7285342e+00  -2.6392681e-01   6.8138055e-01  -2.2145595e+00   1.1324715e+00   3.2034109e-01  -2.4025780e-01   1.4167368e-01   9.1687161e-01   2.4060179e-01   1.0848676e+00  -8.9976813e-01
  -9.5664933e-01  -3.8028107e-01  -9.3684814e-03  -2.4118667e+00  -4.2729293e-02  -1.0065412e+00  -5.8214729e-01  -1.5207546e-01  -9.1096801e-01  -1.3306026e+00   7.1092756e-01  -1.2200698e+00
  -1.1585924e+00  -7.2015817e-02   8.1995146e-01  -2.0638907e+00   9.8248939e-01  -5.5312126e-01  -2.5477497e-01   3.9121644e-01  -7.0921212e-02  -6.6162803e-01   9.0885936e-01  -5.7805948e-01
  -1.1742840e+00  -2.3246501e-01   3.1337924e-01  -2.1666012e+00   8.0185342e-01  -7.9610150e-01  -3.5114981e-01  -3.0057075e-01  -8.7359327e-01  -5.9600550e-01   7.2087480e-02  -1.6581715e+00
  -1.5566846e+00   3.7892774e-01   5.8518926e-01  -1.3258324e+00   1.4803616e+00  -1.1720791e+00   2.6516339e-02   1.3363519e-02  -1.1388138e+00  -3.7552469e-01   1.0309568e+00  -1.3405404e+00
  -1.4277431e+00   4.3609053e-01   6.0827346e-01  -1.9635663e+00   1.1635423e+00  -9.1373545e-01   8.2064492e-01   9.5741415e-01  -3.3840977e-01  -2.3632518e-01   4.3743882e-01  -1.2275077e+00
  -1.9950986e+00   2.9793147e-01   3.4763855e-01  -1.5227989e+00   1.8217560e+00  -1.0068760e+00   7.7459609e-01   9.0044417e-01  -7.7004258e-01  -2.0626662e-01   1.0650265e+00  -7.3784805e-01
  -2.2738109e+00   7.9531112e-01   6.3060813e-01  -1.3831976e+00   1.4359149e+00  -1.8350672e+00   3.5476780e-01   7.3861760e-01  -4.4058951e-01   3.4769545e-01   1.0892762e+00  -1.1815464e+00
  -2.9400043e+00   4.0774842e-01   4.6173120e-01  -1.2334893e+00   1.7319315e+00  -2.2815782e+00   5.1702261e-01   3.3228228e-01  -6.2256722e-01   4.3704010e-01   1.3777776e+00  -1.1347185e+00
  -4.0852589e+00  -2.0248643e-01  -1.4973504e-02  -1.4853785e+00   1.6464202e+00  -2.1893857e+00   2.3400897e-02  -3.6185324e-01  -5.0785230e-01  -4.4671250e-01   1.0929243e+00  -1.0644005e+00
  -3.0988865e+00   9.1358804e-01   1.7749396e-01  -2.0967022e+00   1.3646038e+00  -1.6432833e+00   3.9008070e-03  -1.8726017e-01  -1.4142049e+00  -2.8021767e-01   8.9478199e-01  -1.1397323e+00
  -2.8844135e+00   7.7242750e-01  -1.3329364e-02  -1.3916146e+00   1.4073609e+00  -2.3414483e+00   3.1981560e-01   1.9764414e-01  -9.5993663e-01  -2.3568381e-01   1.2479895e+00  -1.2185205e+00
  -3.5057686e+00  -1.3441187e-01  -2.5908197e-01  -1.2817822e+00   1.6037871e+00  -2.1644933e+00  -6.3657261e-02   2.3092720e-01  -8.8517548e-01   1.4315202e-01   1.1231503e+00  -1.2274484e+00
  -3.5258953e+00   6.3476265e-01   5.3427168e-01  -1.1114104e+00   1.6744792e+00  -2.6282037e+00  -3.2810816e-01  -1.8394065e-01  -1.2168683e+00  -5.9158528e-02   1.0253743e+00  -9.6101525e-01
  -2.7765684e+00   1.7140671e-01   7.4924628e-02  -1.3995194e+00   1.2791849e+00  -1.6887088e+00   1.0131094e+00   1.0626869e+00  -5.8958819e-01   5.5103172e-01   1.3286248e+00  -8.4614328e-01
  -4.7701870e-01   9.2936356e-01  -2.7461168e-01  -6.7189288e-01   8.9677628e-01  -9.3012265e-01   6.2017836e-01   8.2953389e-01  -7.9523633e-01  -2.8921144e-01   4.5208579e-01  -4.5987604e-01
   2.7167564e-02   9.1436787e-01  -6.2795293e-01   8.4792502e-02   2.4831844e-01  -7.5662830e-01   3.3005266e-01  -4.9693285e-01  -4.4125403e-01   2.9702910e-01   1.2081521e+00  -1.5151190e-01
  -7.6294026e-01   8.2882874e-01  -1.0684012e+00   2.1898166e-01   7.6881093e-01  -6.8122221e-01  -2.2879935e-02  -2.1924008e-01  -7.5398191e-01  -3.1144266e-01   3.8059943e-01  -6.8579214e-01
  -2.7860831e+00  -4.4483723e-01   1.3114610e+00  -2.6957633e+00  -4.4589067e-01  -6.9834157e-01  -3.1267145e-01  -1.1802549e-02  -4.2207796e-01  -9.7517833e-01   5.4924744e-01  -1.8455155e+00
   3.8465871e-01   1.4252381e+00  -3.2490693e-01  -2.3653549e-01   3.6142866e-01  -8.8031758e-01   5.0107270e-01  -3.5577453e-01  -4.0008025e-01  -8.8711006e-01   4.6312865e-01  -6.3298712e-01
  -1.6852544e+00   4.3288627e-01   7.1400045e-01  -2.3492718e+00   9.6777312e-01  -1.5638522e+00  -4.2375404e-01   4.7605607e-01  -6.9118785e-01  -5.9760869e-01   8.7657464e-01  -1.2227944e+00
  -1.1751380e+00  -9.4286446e-03  -1.2310783e+00   1.8198902e-02   9.6481247e-01  -5.9940675e-01   1.1106404e-01  -3.6897578e-01  -5.7332552e-01  -5.5959918e-01   5.2192760e-01  -4.4054512e-01
  -1.8431322e-01   6.3652790e-01  -1.1466349e+00   5.0441330e-01   7.4553823e-01  -7.3704288e-01   3.9882234e-01   2.7970529e-01   2.5775866e-01  -2.7068452e-01   5.9019595e-01  -1.4053225e-01
  -6.9751871e-02  -4.6063878e-01  -1.3492027e+00   7.5019044e-01   5.5634078e-01  -8.3213473e-01   4.5345519e-01   2.2093704e-01  -4.8943212e-01  -7.6955774e-01   2.6757948e-01  -3.5039267e-01
  -5.2256426e-01  -2.4727559e-01  -1.3916066e+00  -3.7417013e-01   6.7650247e-01  -8.7440767e-01   3.3779385e-01   2.4833641e-01   1.1191783e-01  -3.6549607e-01   5.6216369e-02  -9.8770438e-01
  -7.5152877e-01  -8.4179041e-01  -1.2801992e+00   5.2271100e-01   8.9656878e-01  -1.1100937e+00   1.6449787e-01   6.2655438e-02  -8.3967653e-01  -7.5197352e-01   5.1006578e-01  -1.1442516e-01
   5.2396815e-02  -8.2023905e-01  -1.4848155e+00   4.4251217e-01   4.3843920e-01  -1.0998042e+00   3.1814549e-01   4.3950619e-01  -2.2363618e-01  -6.0064918e-01  -1.4387284e-01  -1.0601220e+00
  -7.4511397e+00   3.3657105e-02   2.2998221e+00   2.3824369e+00   3.2614505e-01   1.9132537e+00   6.4608195e-01  -1.5363101e-01   1.0946765e+00   6.4169452e-01  -1.6273091e-01   3.6775414e-01
  -7.1293598e+00   9.7613287e-01   2.4526767e+00   2.2578869e+00   4.7482043e-01   2.0576301e+00   9.0077083e-01  -3.4083899e-01   1.0293378e+00   1.2825041e-01  -1.8276061e-01   8.8657650e-01
  -7.8399121e+00   5.3485205e-01   2.0376005e+00   2.0426731e+00   7.3840804e-01   1.5606337e+00   4.9801094e-01  -5.9206404e-01   7.4874678e-01   7.0163218e-01   3.1269046e-01   7.8494761e-01
  -7.9105708e+00   1.4577663e-01   2.1714515e+00   1.9102125e+00  -2.2852601e-01   1.7022720e+00   7.5800262e-01  -2.0627178e-01   1.0619705e+00  -8.8064317e-02  -2.4386095e-01   1.6659636e-01
  -7.8709866e+00  -6.1007012e-01   1.2961682e+00   1.8656237e+00   9.3297078e-01   1.6407320e+00   4.5460360e-01   2.9685464e-01   1.0889464e+00   4.9792604e-01   2.1232858e-01   1.5015548e-01
  -8.5632285e+00  -1.2847928e+00   6.2752539e-01   1.8992360e+00   8.6298447e-01   1.6547557e+00   1.0627557e-01  -9.0589329e-01  -3.7847101e-02  -3.5692162e-01  -4.7177515e-01  -7.2402101e-03
  -7.6187816e+00  -4.0369039e-01   1.1001115e+00   1.2387970e+00   7.3539127e-01   1.3484284e+00   3.9394597e-01   2.5431357e-02   5.0788675e-01  -4.2943176e-01  -4.7942234e-01  -2.6223109e-01
  -8.9038098e+00  -4.8355643e-01   1.5510191e+00   1.7759740e+00   1.6511602e+00   1.1637718e+00   9.6207873e-01   3.9031672e-02   1.1887664e-01   5.4489345e-02  -1.3713858e-01   3.3543317e-01
  -8.7666015e+00  -5.5758684e-01   1.3894343e+00   1.7507242e+00   1.3368250e+00   7.2825622e-01   1.0109410e+00   3.8552513e-01   8.2858600e-01   6.7214638e-01   4.1141498e-01   4.6299936e-01
