  -1.6160056e+00  -1.1335800e+00  -6.5073393e-01   3.4577910e-01   4.5770903e-01  -1.1512856e+00   1.3881149e-02   7.0574275e-01  -5.6666240e-01  -8.9496206e-01   4.8595352e-01  -5.4527873e-01
  -1.0483065e+00  -5.4232643e-01  -3.9171611e-01   4.3317798e-01   3.6937126e-01  -9.2058122e-01   5.5602326e-01   1.7228319e-01  -4.8231445e-01  -6.9063633e-01   7.2316165e-01  -7.4569995e-01
  -5.1256235e-01  -7.4806624e-01  -4.9087621e-01   7.5608400e-01   5.9708084e-01  -1.1754989e+00   8.9302707e-02   2.1617629e-01  -5.3430121e-01  -3.5693419e-01   1.0783135e+00  -1.8274596e-01
  -3.6798407e-01  -1.1833865e+00  -5.5564080e-01   7.7284876e-01   7.3809968e-01  -1.0181824e+00   4.6570798e-01   9.4546745e-01  -1.8731058e-01  -5.6653219e-01   7.6012759e-01   4.2025317e-02
  -1.0096381e+00  -1.4266071e+00  -9.3369308e-01   1.8140151e-01   4.3049572e-01  -1.2479079e+00   8.0201298e-01   7.3047676e-01  -2.9788728e-01  -9.8920011e-01   1.2615042e+00   1.9062260e-01
  -8.8069034e-01  -7.1247876e-01  -1.0604234e+00   4.3448137e-02   3.1550358e-01  -9.7746124e-01  -1.4962210e-01   4.6841086e-01  -3.3086474e-01  -1.4023511e+00   6.7079703e-01  -6.4718740e-02
  -1.0270482e+00  -1.2759689e+00  -6.9345150e-01   6.1362007e-01   2.4595456e-01  -1.3981751e+00  -1.4547208e-02   2.8178817e-01  -4.1553489e-01  -1.0270649e+00   6.7310837e-01  -8.2226580e-02
  -1.9097298e-01  -1.2776244e+00  -1.0502782e+00   4.2265031e-01   7.9019776e-02  -9.5607591e-01   1.0261839e+00   1.1571029e+00  -7.1608207e-01  -9.0040983e-01   5.6156571e-01  -4.9190700e-01
  -1.4001234e-01  -9.5863617e-01  -8.9999817e-01   7.8048886e-01   3.2833347e-01  -7.5504324e-01   6.9850327e-01   6.9157710e-01  -1.3448288e-01  -1.0453987e+00   3.2301270e-02  -8.3214147e-01
  -1.0522142e-01  -2.1975757e-01  -1.1705286e+00   3.2300304e-01   1.0463658e-01  -6.2029741e-01   1.2433804e+00   5.7632596e-01  -9.4867464e-01  -1.0415394e+00   7.2317230e-01   6.4540744e-02
   5.9217566e-01   7.5038846e-01  -4.1114921e-01   6.8595571e-01   5.7059296e-01  -3.7690971e-01   7.4361515e-01   5.0799583e-01  -1.6349524e-01  -6.3739470e-01   2.7012785e-01  -1.0707523e+00
  -8.5579456e-01   1.6924794e-02  -1.4885504e+00  -7.9071665e-01  -1.8862168e-01  -7.4954532e-01   2.0794106e-01   3.0760314e-01  -5.0948801e-01  -3.8923822e-01   5.0633553e-01  -6.1542092e-01
  -7.5355332e-01   4.4845053e-01  -1.4149824e+00  -3.2028665e-01  -9.1894064e-03  -6.5218569e-01   3.5355691e-01   3.3596398e-02  -7.8844237e-01  -3.1129434e-01   7.2259756e-01  -3.4336485e-01
  -7.3574235e-01   5.6283243e-01  -1.1076638e+00  -1.5000183e-01   3.8215195e-01  -4.3171489e-01   1.0661281e+00   4.5602974e-01  -2.1160397e-01  -7.0750880e-01   2.2125581e-01  -5.5667362e-01
  -1.2882294e+00  -1.0550914e-01  -8.9321239e-01  -3.8986670e-01   1.5681104e-01  -7.9897762e-01   2.2383813e-01  -1.5042962e-01  -6.9564815e-01  -1.2396990e+00   3.1275495e-01  -5.9916783e-01
  -4.2898855e-01  -7.0371550e-02  -9.7077931e-01  -6.3058067e-02   2.6715587e-01  -6.2837853e-01   5.8394721e-01   3.8885168e-02  -7.1015914e-01  -5.0223586e-01   8.5287869e-01  -6.6542246e-01
  -2.0583567e+00  -5.8112575e-01   6.5627763e-01  -2.0741303e+00  -1.9943671e-01  -1.3657353e+00   5.8035815e-01   3.0585286e-01  -1.0842651e+00  -1.7023582e-01   1.2924050e+00  -5.0620804e-01
  -3.2611156e+00  -7.6586157e-01   1.7902154e+00  -3.5426763e+00   6.4874332e-02  -2.6543745e+00   9.1893642e-01   9.0201202e-01  -8.4512089e-01   2.0610061e-01   7.2931210e-01  -1.0311080e+00
   2.4977992e+00   1.7712196e+00   3.4924584e+00  -1.2190292e+00  -3.0475224e-01  -3.0872306e+00   3.4134261e-01  -6.4657316e-02  -1.0979329e+00   3.1923475e-01   4.2733742e-01  -7.2028688e-01
   2.4289064e+00   2.3688806e+00   3.3582729e+00  -6.7052818e-01  -1.2300496e+00  -2.8603594e+00   2.7304546e-02   7.6277401e-03  -1.3658747e+00   2.6643835e-01   6.9180779e-01  -9.1737462e-01
   2.9699324e+00   2.6965810e+00   3.6158173e+00  -5.7874998e-01  -8.9172189e-01  -2.4401171e+00  -4.6888957e-01  -2.8604817e-01  -3.8018587e-01  -2.1075049e-01   1.0425919e+00  -9.9114886e-01
   2.6222273e+00   2.0945981e+00   3.8245886e+00  -1.2784684e+00   1.0296493e-01  -2.1449402e+00  -2.7222813e-02  -2.7338453e-02  -1.2327773e+00  -9.0133053e-01  -5.6991354e-02  -1.2269599e+00
   1.6591592e+00   3.3738574e+00   1.0826208e+00   3.1421967e-01   8.4819263e-01  -6.4731201e-01  -2.6731941e-01  -1.6841973e-01  -1.5396789e+00  -6.6222663e-01  -6.3296388e-01  -4.4496085e-01
   2.3089010e+00   2.1135012e+00   7.8084297e-01  -1.8282131e-02   2.9379693e-01  -8.5057017e-01   4.2824458e-01  -1.0270624e+00  -1.4903582e+00  -1.8598687e+00   6.7012426e-01  -9.1994615e-01
   1.2782983e-01   5.2276527e-01   1.6095888e+00  -1.8388144e+00   2.5641993e+00  -2.7171775e+00  -1.8176832e+00  -5.6779270e-01  -1.2958544e+00  -1.4807867e+00  -2.7665458e-01  -1.7981582e+00
  -2.5910539e+00  -1.7596420e+00  -1.3131669e-01  -6.1675428e-01   1.5302585e+00  -2.3605393e+00  -1.2435507e-01   8.8193572e-02  -1.1687540e+00  -1.7446165e+00   2.7313952e-01  -9.7676353e-01
   1.9723607e+00   1.6012916e+00   3.2223179e+00  -6.0915098e-01  -3.6096275e-01  -4.0706261e+00   7.2933752e-01  -3.1360948e-02  -2.2940551e+00  -4.2513149e-01   5.6153005e-01  -1.7899514e+00
   1.2417622e+00   3.7507240e+00   3.3110192e+00  -1.0594566e+00   1.0530534e+00  -3.9419840e+00  -3.1689733e-01   4.2858402e-01  -2.2108055e+00  -4.1230095e-01   1.4341441e+00  -1.3508642e+00
   3.3671599e+00   2.0466980e+00   2.2547545e+00   6.8848315e-03   1.0644439e+00  -1.1710646e+00   3.3492113e-01  -3.5523488e-01  -1.4381918e+00  -3.6876971e-01   9.9120334e-01  -1.9413521e+00
   1.3715229e+00   5.3718240e-01   3.4432238e+00  -5.9109247e-01   1.9095301e+00  -3.8183965e-01   3.8765966e-01   4.5140118e-01  -1.6902940e+00   2.3036118e-02   7.8354182e-01  -1.9364161e+00
   5.1951359e-01   2.9670390e+00   2.8468204e+00  -1.0270433e+00   1.2936097e+00  -1.9114807e+00  -2.1483974e-01  -1.3136736e-01  -1.1887772e+00  -5.8486625e-01   7.2848019e-01  -1.4289373e+00
   2.6377112e+00   3.7548687e+00   3.1555611e+00  -1.5288855e+00   3.7787398e-01  -2.2851997e+00  -4.2190255e-01  -1.1952203e+00  -1.0528751e+00   3.9732275e-01   1.0084646e+00  -1.1446999e+00
   1.5531391e+00   2.4712978e+00   4.1276510e+00  -2.1663605e+00  -3.0202224e-01  -3.3163583e+00   7.9358250e-01   5.1058317e-01  -1.3501862e+00   4.0027818e-02   1.7006570e+00  -1.7716216e+00
   2.2025793e+00   1.2421516e+00   3.7639576e+00  -2.8957638e-01  -6.1081674e-01  -3.1453623e+00   5.1839738e-01   1.1998465e+00  -2.0734287e+00  -2.9027608e-01   9.2195729e-01  -1.3201200e+00
   1.8265072e+00   1.7400761e+00   1.2738575e+00   1.5059692e-01   1.3148806e+00  -4.4368507e-01   3.7169086e-01   1.5320033e-01  -3.3318183e-01  -3.1341267e-02   7.0941084e-01  -6.3634543e-01
   2.3347087e+00   1.7010010e+00   1.4086110e+00  -1.5396577e-01   1.4404119e+00  -1.2191918e+00   1.9589232e-01  -7.3747067e-01  -7.9918156e-01  -8.9750961e-01   8.5462272e-01  -9.8150562e-01
  -3.1080988e+00  -1.6287141e+00   1.0115263e+00  -3.4613153e-01   1.0394537e+00  -2.8250241e+00   1.8742753e-01  -3.7597919e-01  -1.7979997e+00  -7.2689606e-01   1.3319336e+00  -5.5979980e-01
   1.4497800e+00  -1.3934222e+00   2.9431150e+00  -7.8374611e-01   1.5089962e+00  -1.8024610e+00   8.7483884e-01  -1.2482776e+00  -2.5277763e+00  -9.0267229e-02   9.6141422e-01  -6.8154037e-01
   1.7331081e+00  -1.5535814e-01   3.4021116e+00  -6.1777923e-01   2.2774117e+00  -1.2303913e+00  -8.0977323e-02  -1.7428020e+00  -3.5659482e+00   4.9906777e-01   9.0048801e-01  -1.0256193e+00
   6.5397941e-01   2.4140754e-01   1.9894286e+00   5.5504566e-01   2.3313852e+00  -9.5720572e-01   5.0249282e-01  -1.9716843e+00  -3.0196377e+00  -2.2087370e-01   1.0711845e+00  -1.1420452e+00
   8.6533191e-01  -1.5840943e+00   4.5919919e+00   2.8266454e-02   3.0329651e+00  -1.3120354e+00   4.4817128e-01  -2.3314417e+00  -2.6135472e+00  -2.6675906e-01   1.2735947e+00  -5.5973010e-01
   1.8342917e+00  -1.4773056e+00   2.3430027e+00  -4.2337315e-01   3.2989169e+00  -3.4912384e-01   6.0442485e-01  -2.0124635e+00  -1.6693716e+00   2.9623184e-01   1.0988094e+00  -7.1888570e-01
  -8.9911624e-01  -7.4042239e-01   1.4541301e+00  -7.0618599e-01   1.6996386e+00  -8.5524745e-01   9.2660271e-01  -5.4219188e-01  -7.5275444e-01  -4.8146784e-01   1.7109396e+00  -3.8054409e-01
  -5.4210218e+00  -9.0832480e-01   2.3468630e+00   5.9150160e-01   3.8001181e+00  -6.8418956e-01   9.1090714e-01  -6.7474863e-01  -1.2497070e+00  -1.0678167e+00   1.3642404e+00  -6.6822003e-01
  -5.9233272e+00  -7.2899408e-01   1.7959151e+00  -1.3717651e-01   2.8302224e+00  -5.5528431e-01   7.8886593e-01  -4.9056852e-01  -2.0125605e-01  -1.2021675e+00   9.4668380e-01  -4.4016831e-01
  -6.4712656e+00  -7.1076563e-01   2.3117260e+00   1.2943996e-01   2.3355676e+00  -5.4249900e-01   6.6238715e-01  -9.2515886e-01  -6.2601927e-01  -9.0680347e-01   1.1624856e+00  -7.3221211e-01
  -6.9733552e+00  -7.4268104e-01   2.1321678e+00  -4.2098845e-01   2.5516713e+00  -9.0830560e-01   6.9258931e-01  -3.8453916e-01  -3.6915448e-01  -1.3156681e+00   1.6225840e+00  -4.4626383e-03
  -6.9057330e+00  -6.1148527e-01   2.0593258e+00  -9.3238894e-01   1.9815066e+00  -8.0288711e-01   1.2477742e+00  -8.5457955e-01  -6.5219406e-01  -1.2900106e+00   9.8057937e-01  -1.1884589e-01
  -6.1886723e+00  -2.4093016e-01   2.5964074e+00  -3.6097796e-01   1.9673863e+00  -8.0663004e-01   5.4964472e-01  -5.3503934e-01  -5.2520660e-01  -1.3879248e+00   9.4882351e-01  -6.0381497e-01
  -6.7413536e+00  -1.2526386e+00   1.8554142e+00  -1.5152072e+00   1.3416337e+00  -9.5631986e-01   8.9247003e-01  -7.9178346e-01  -6.5788294e-01  -1.7967154e+00   4.6041043e-01  -4.9351810e-01
  -1.6251505e+00   1.6111762e-01   1.7387334e+00  -6.8204093e-01   8.8190800e-01   3.0426996e-02   4.7158821e-01   8.0738294e-02  -4.9257462e-01  -4.5381119e-01   1.1239558e+00  -5.4326800e-01
  -1.9009376e+00  -4.9977174e-01   1.5540709e+00  -1.6157832e+00   1.6976100e+00  -7.3296577e-01   1.6712165e-01   2.1527627e-01  -6.8143057e-01  -5.8540792e-01   5.3845139e-01  -1.1173072e+00
  -1.5672510e+00   4.9160585e-01   1.4032274e+00  -1.1103409e+00   1.9833588e+00  -1.0867460e+00   2.1686466e-01  -1.3078307e-01  -9.2229230e-01  -5.2849979e-02   7.4902566e-01  -4.3486952e-01
  -2.6930697e+00  -1.5005673e-02   8.6794888e-01  -1.6005686e+00   1.3378253e+00  -1.8351692e+00   6.3348377e-01   3.4121831e-02  -1.0954761e+00  -7.8476150e-01   1.8817780e-01  -1.5157704e+00
  -2.8357649e+00   7.0081026e-01   1.3756102e+00  -1.4119858e+00   1.7467728e+00  -1.7590284e+00   1.0589512e+00   4.6542284e-01  -1.0429796e+00  -4.0267467e-01   6.2498833e-01  -1.2251718e+00
  -3.2566806e+00   2.5104242e-01   1.4437686e-02  -2.0147361e+00   1.6240633e+00  -2.0237282e+00   9.0762944e-01   4.9907106e-02  -1.1552571e+00  -5.5937470e-01   8.3399361e-01  -7.6851139e-01
  -3.3780275e+00   9.8774017e-01   5.9877850e-01  -1.3735730e+00   1.5574934e+00  -2.1893736e+00   1.0639450e+00   4.5773920e-01  -1.0486023e+00  -8.2234398e-01   7.3144062e-01  -1.0143628e+00
  -4.1854121e+00   7.0888668e-01   3.4605138e-01  -1.7058343e+00   1.5239006e+00  -2.4785033e+00   6.3311352e-01   2.1158640e-01  -9.9689934e-01  -8.8708642e-01   4.4539197e-01  -1.0391817e+00
  -4.0278824e+00   1.1950805e+00   5.6756586e-01  -1.0581682e+00   1.7658112e+00  -1.8676039e+00   8.4249531e-01   4.0256199e-01  -8.0398906e-01  -3.0321658e-01   8.2105516e-01  -1.1052568e+00
  -3.9490954e+00   4.1838261e-01   1.3323030e-01  -1.1588780e+00   1.5366179e+00  -2.1148719e+00   8.9975018e-01  -5.8231255e-02  -1.2329453e+00  -1.5377142e-02   9.4269135e-01  -1.1266988e+00
  -4.9851382e+00   9.2946175e-01   2.9010355e-01  -1.1640557e+00   1.2253841e+00  -2.3773762e+00   1.1137943e+00   1.4568426e-01  -9.8688496e-01  -5.6459892e-01   6.7370470e-01  -1.5731932e+00
  -2.3400871e+00  -5.3465155e-01  -6.6126661e-01  -2.4355196e+00   1.2045301e+00  -2.0159387e+00   7.4579152e-01   6.1965904e-01  -9.7224483e-01  -3.8606535e-02   7.6004564e-01  -4.3555573e-01
  -9.3982738e-01  -4.9183240e-01  -4.1670847e-01  -7.4148091e-01   5.2022459e-01  -9.3422292e-01   4.9805061e-01  -1.4577206e-01  -9.3331167e-01  -4.3814619e-01   1.0681372e+00  -2.0945245e-01
   6.7685098e-02   1.5614277e+00  -3.5943125e-01  -5.7030912e-02   7.7397974e-01  -3.1596616e-01   4.9807629e-01  -4.8518764e-01  -6.2948899e-01  -8.0296942e-01   4.2943366e-01  -1.0539737e+00
  -5.3122861e-01   8.4278274e-01  -3.8446237e-01   1.2627653e-01   7.9503814e-01  -9.2797002e-01   8.5844301e-01  -3.7387498e-02  -5.6459802e-01  -9.9642729e-01   3.5643741e-01  -1.0566981e+00
  -6.7986932e-02   4.5454591e-01  -9.0052072e-01  -4.6716328e-01   2.2733846e-01  -8.0501333e-01   6.2081047e-01  -3.4912882e-01  -7.3251927e-01  -8.8575408e-01   5.6013976e-01  -7.3094379e-01
  -5.9000375e-01   2.7761802e-01  -8.0396754e-01  -1.1667174e-01   1.0155922e-01  -1.2010822e+00   4.6170344e-01  -9.9250172e-02  -2.1628114e-01  -8.3643827e-01   1.0260148e+00  -4.2262503e-01
  -8.9502598e-01  -9.8496390e-01  -1.1278173e+00  -1.7112879e+00   1.4738440e+00  -1.8680828e+00   9.8498789e-01   1.0558794e+00   9.5378684e-02  -1.2544436e-01   7.0991405e-01  -8.4210906e-01
  -1.3978437e-01   6.3300154e-01  -1.0219463e+00  -4.1203843e-01   4.5092107e-01  -5.7374052e-01   6.3830043e-01   5.5860860e-02  -1.6824488e-01  -3.1299342e-01   9.0985073e-01  -7.3996311e-01
   1.9472911e-01   1.2749278e-01  -9.3495484e-01  -1.8028959e-01   2.2469741e-01  -1.0792274e+00   6.1641189e-01   3.6668959e-02   1.7881464e-01  -3.6895073e-01   9.5891693e-01  -8.2237747e-01
   3.9832396e-01  -4.2103265e-01  -8.7166214e-01   4.7658006e-01   5.2422541e-01  -8.5114704e-01   5.5179072e-01   1.9523964e-01   2.1546032e-01  -6.1056960e-02   1.2822362e+00  -4.2075354e-01
   4.3507579e-01  -6.2644514e-01  -4.3282815e-01   5.4074162e-01   1.7901648e-01  -1.2966100e+00   8.3962726e-01   2.9312455e-01  -2.9198208e-02  -3.0914176e-01   9.8177916e-01  -5.9189349e-01
  -1.5387322e-02  -2.7458839e-01  -2.3857671e-01   8.9607220e-01   1.7975368e+00  -5.3359117e-01   6.0204984e-01   1.3527908e-01  -3.8564289e-01  -7.2433698e-01   7.4512676e-01  -5.1450598e-01
  -5.7821869e-01  -1.8483943e+00  -2.0271114e+00  -1.9239882e-01   4.1019828e-01  -1.0494716e+00   6.9763137e-02  -1.3892315e-01  -6.1961233e-01  -3.5146905e-01   7.1164934e-01  -4.5525113e-01
   7.9061466e-01  -1.3096170e+00  -7.3413452e-01   5.7635187e-01   9.1522605e-01  -7.1718717e-01   7.3874689e-01   4.0495263e-01   1.2776791e-01  -5.5140134e-01   2.0652888e-01  -9.1639847e-01
  -9.1483195e-01  -1.3839499e+00  -8.7417168e-01   8.8915768e-01   7.4834404e-01  -1.0499625e+00   6.3071613e-02   2.1559406e-01  -2.6885118e-01  -4.7224526e-01   5.9736486e-01  -9.9046370e-01
   1.0636146e-02  -7.5629051e-01  -4.7322219e-01   4.4749422e-01   8.0377590e-01  -7.6625052e-01   7.6674935e-01   6.9571321e-01  -2.3387731e-01  -5.4846613e-01   5.5222323e-01  -4.5940536e-01
   1.4325259e-02  -1.5234219e-01  -1.0074373e+00   9.5848959e-02   4.9055279e-01  -8.1737241e-01   7.2327581e-01   4.8140544e-01  -1.8291684e-01  -6.9250736e-01   8.2210678e-01  -4.8454845e-01
   5.3447599e-01  -5.7042259e-01  -1.4010663e+00   2.9817469e-01   9.5181449e-01  -4.3886134e-01   6.3536862e-01   4.7784097e-01  -6.2260758e-01  -8.7176020e-01   4.4029409e-01  -7.7730084e-01
  -5.4426005e-01  -1.6928549e+00  -1.1129299e+00   1.1369207e+00   7.7746970e-01  -1.3696008e+00   4.0521504e-01   2.7993148e-01  -5.8568947e-01  -1.0088928e+00  -8.7722788e-02  -9.6607489e-01
  -1.7245098e+00   1.5918318e+00  -6.7245399e-01   3.4947920e-01   1.3450522e+00  -2.6559488e-01  -4.0648632e-01   6.2546281e-01  -7.3283320e-01  -8.2489659e-01   4.9983133e-01  -7.0381857e-01
  -3.8783998e+00   1.9467503e+00   6.8381072e-02  -4.6278120e-01  -2.5210906e-02  -1.6859004e-01  -8.0539671e-01   1.7771541e-01  -8.1044779e-01  -8.4394484e-01   4.7349415e-01  -5.0512986e-02
  -3.7671191e+00   1.5423547e+00  -8.6939009e-01  -3.1159564e-01   6.8117240e-01  -2.7170048e-01  -5.9017014e-01   7.0562974e-01  -8.6812317e-01  -8.6627227e-01   2.4896260e-01  -7.9555956e-01
  -2.2020024e+00   1.3448527e+00  -3.3288360e-01  -1.0521047e-01   6.7007268e-01  -1.0150627e+00   4.3904372e-02   9.3471980e-01  -5.1622121e-01  -1.2714517e+00   1.4978482e-01  -8.4890200e-01
