  -5.5858853e-01  -1.9610370e-01  -1.2467361e+00  -4.5312226e-01  -3.9547664e-01  -1.1341834e+00   4.6129612e-01  -4.9111408e-01  -4.9398688e-01  -7.4614416e-01   4.9239306e-01  -1.1428275e+00
  -1.0106294e+00   3.6070991e-01   1.2787650e-01  -4.0711183e-01  -2.1899895e-01  -1.2374077e+00   1.3170065e+00   6.4151196e-01  -3.9000029e-03  -1.3786230e-01   3.9729998e-01  -8.4852568e-01
  -4.5737264e-01   3.3794689e-01  -1.0315635e+00  -7.7021589e-01   1.3051287e-01  -5.6835111e-01   1.1571438e+00   4.0704629e-01  -1.1380399e-01  -5.3425025e-01   5.5624248e-01  -1.0328417e+00
  -1.1615050e-01   8.5382980e-01  -9.5790864e-01  -2.3413777e-01   3.2017106e-01  -3.0078679e-01   9.9545832e-01   1.0498997e-01  -3.3223466e-01  -2.2628669e-01   1.1802833e+00  -5.7331219e-01
  -2.7633760e-02   8.1535062e-01  -6.6585441e-01  -2.4307707e-02   2.2325163e-01  -1.9827447e-01   1.3032621e+00  -3.0446448e-01  -4.0788790e-01   6.4676488e-02   9.6668642e-01  -4.6256253e-01
   8.9378321e-02   5.0017989e-01  -8.0407938e-01   2.2764424e-01  -1.7030234e-01  -1.1222681e+00   8.4027928e-01   5.8935761e-01  -6.2679675e-01  -6.7681346e-01   2.4576528e-01  -9.5360281e-01
  -4.6778586e-01  -1.0288650e+00  -1.3365339e+00   5.6703123e-01   4.6793761e-01  -1.4096327e+00   2.0666896e-01  -1.2684948e-01  -8.8631706e-01  -3.6776957e-01   7.5546295e-01  -3.7080852e-01
  -3.5194770e-01  -1.0601993e+00  -1.1752162e+00   9.9597579e-01   5.3392434e-01  -1.4217970e+00   6.5763933e-02   1.2652057e-01  -5.1005315e-01  -1.7927494e-01   6.4780260e-01  -4.2194676e-01
  -6.0694091e-01  -2.8989203e+00  -1.5772832e+00   1.0251026e+00   1.4655653e-01  -2.0348295e+00   3.1573454e-01   1.0432965e+00  -4.5128593e-01  -3.0899313e-01   5.0480962e-01  -4.1934997e-01
  -3.6291740e-01  -2.3509362e+00   2.4397528e-02   1.6576659e+00   1.0552494e+00  -1.6744720e+00  -7.1100948e-02   1.5410608e-01  -9.3212852e-01  -4.5729927e-01   6.8118378e-01  -5.4935217e-01
  -2.0862695e-01  -2.6053276e+00  -8.9424286e-01   1.2851773e+00   4.9363753e-01  -1.5427265e+00  -6.9065947e-02   9.8627506e-01  -1.3897105e-01   1.5719344e-02   1.0348481e+00   1.5100280e-02
   1.4152784e-02  -2.7145384e+00  -1.9491044e+00   1.1374813e+00   3.5576481e-01  -1.4583432e+00   1.6995614e-01   1.9084369e-01  -6.0217007e-01  -7.7068426e-01   7.0247279e-01  -5.3302728e-01
  -2.2374489e-01  -2.4422134e+00  -2.1533651e+00   1.1130603e+00  -7.9270673e-02  -1.9955238e+00   5.5688841e-02   5.2417954e-01  -4.4841682e-01  -5.7756039e-01   8.0951049e-01   3.4218693e-02
   1.7855767e-01   1.4319763e-04  -1.2461614e+00   9.7716941e-01   2.5740961e-01  -1.1278620e+00   3.1240267e-01   3.5204941e-01  -2.7031175e-01   3.9288342e-03   8.4145382e-01   1.0692375e-01
   1.4498694e-01   8.4006389e-01  -7.0598659e-01  -2.0844697e-01  -9.5551928e-02  -1.0345348e+00   6.3345131e-01   1.9864449e-01  -3.6198892e-01  -7.1154984e-01   9.9849195e-01  -3.7249192e-01
  -3.2799705e-01   6.7782556e-01  -1.7508567e+00  -4.1428816e-01  -2.2250914e-01  -5.9849051e-01   5.5333390e-01   5.7827399e-01  -2.8172010e-01  -1.4651451e-01   8.8984502e-01  -4.4394021e-01
   3.2395403e-01   1.1241603e+00  -1.1655135e+00  -2.1101662e-01   8.9646904e-02  -1.2078000e-01   8.6358315e-01  -8.4945186e-02  -3.0162362e-01  -3.5926403e-01   4.8239678e-01  -2.6806037e-01
  -1.2682066e+00   5.1374183e-02  -6.5953906e-01  -1.4471307e+00   2.4677086e-01  -1.2330110e+00   1.6286060e-01   3.6639013e-01  -5.3370711e-01  -1.9002769e-01   3.6861278e-01  -1.1164039e+00
  -3.6436205e-01   8.5485353e-01  -8.8135754e-01  -2.0409533e-01  -3.0811466e-01  -1.3059365e+00   3.8076105e-01  -1.0958755e-01  -6.1065154e-01  -1.3672276e-01   8.9903453e-01  -4.9116144e-01
  -1.4034821e+00  -1.4241014e+00   4.5320594e-01  -1.5135989e+00  -2.4637567e-01  -2.1056064e+00   6.3549849e-01   6.4399736e-01  -1.2543136e+00  -4.4573407e-01   1.9350099e+00  -8.9252435e-01
  -4.3010267e+00  -1.3616956e+00   1.8310505e+00  -1.6400756e+00   8.1533205e-01  -1.9192691e+00   1.3254759e+00   6.9825604e-01  -3.9976024e-01   4.6275642e-01   1.4292868e+00  -7.6411299e-01
   8.3160446e-01   1.0125987e+00   3.1694576e+00  -7.6699521e-01  -6.5230960e-01  -2.6780950e+00   6.0591982e-01   5.2908668e-01  -7.7449984e-01   7.7793015e-01   7.5194780e-01  -6.1854111e-01
   2.2862140e+00   1.6903491e+00   2.7038390e+00   7.3172757e-04  -9.7405107e-01  -4.2055963e+00  -2.0917738e-01  -1.0067172e-01  -9.0447583e-01   7.5068444e-01   1.2824996e+00  -9.8215876e-01
   1.8362693e+00   2.5994429e+00   4.2752561e+00  -5.3152558e-02  -1.2287237e+00  -2.8892501e+00  -4.5497000e-01  -2.9727445e-01  -1.4480485e+00   7.3604393e-01   3.0393863e-01  -2.2631628e-01
   2.8296714e+00   2.9516069e+00   4.2805663e+00  -9.0281274e-02  -1.3453317e+00  -2.6235752e+00   4.3919658e-01  -7.0861273e-01  -1.0707568e+00  -3.6934986e-01   1.2184199e+00  -9.9240102e-02
   3.1568524e+00   2.8912113e+00   3.3737472e+00   1.1859005e-01  -5.4197272e-01  -2.4955614e+00  -1.7219526e-01  -1.1042236e+00  -6.8261854e-01  -2.3236301e-01   7.4378058e-01  -9.9093710e-01
   3.5915534e+00   2.3897168e+00   2.0864254e+00   1.9934392e+00  -6.1625989e-01  -2.7638124e+00   1.6827056e-02  -9.3163486e-02  -1.3545083e+00  -2.2610726e-01   2.8403317e-01  -1.1286787e+00
   1.9875054e+00   3.2236960e+00   5.8398988e-01   6.0758196e-02  -4.0610988e-01  -6.9827791e-01   1.7624564e-01  -9.7817120e-02  -8.7453728e-01  -8.9370438e-01   5.6597436e-01  -4.7768008e-01
   1.5726684e+00   2.5121924e+00   4.0665320e-01   1.3159767e-02   3.8838368e-01  -7.8245537e-01   2.9596761e-01  -6.4432137e-01  -9.2450858e-01  -1.0012015e+00   3.6963711e-01  -9.5975576e-01
  -3.8567270e+00  -1.5251065e+00   2.0398973e-01   8.8387844e-01   3.1222229e-01  -2.9136928e+00  -2.9775813e-01   5.6613235e-01  -1.5639912e+00  -1.3408647e+00   7.2621227e-01  -3.5897916e-01
   2.3401732e+00   1.7980017e+00   3.3023453e+00  -6.8695318e-01  -3.8665660e-01  -3.3598669e+00   4.1128302e-01  -1.8112960e-01  -1.4205904e+00  -2.1493818e-01  -1.5973581e-03  -1.3570487e+00
   1.7350781e+00   1.7851117e+00   3.3419300e+00  -6.9208372e-01   9.6630302e-02  -3.7229656e+00   2.6249602e-01   4.2727101e-01  -1.8581937e+00   7.8161605e-01   8.9458335e-01  -2.5249294e+00
   1.5669112e+00   4.1509397e+00   3.3557481e+00  -9.6878203e-01   3.8702520e-01  -3.4551496e+00  -2.2372197e-01   4.9821226e-01  -2.0174623e+00   2.4613878e-01   1.0437005e+00  -1.9549038e+00
   1.3391063e+00   3.1979877e+00   3.7382541e+00  -1.1875496e-02   1.6205767e+00  -1.1578684e+00  -9.5904644e-01  -5.6600855e-01  -1.2871037e+00  -1.6407286e-01   8.6760449e-01  -1.7807276e+00
   9.1071697e-01   2.6345537e+00   3.4215548e+00  -5.8292543e-01   1.2444186e+00  -8.7664376e-01  -5.6210503e-01   2.0904853e-01  -9.2980426e-01   3.2947252e-01   7.1653477e-01  -2.5367014e+00
   1.0039472e+00   3.1515087e+00   3.0729308e+00  -8.1704088e-01   1.2402470e+00  -1.0401490e+00  -8.6687565e-01  -3.3024460e-01  -1.5384553e+00   1.3890941e-03   6.3025208e-01  -1.4729646e+00
   1.6051190e+00   3.5086312e+00   3.5279264e+00  -1.1194046e+00   5.2934822e-01  -1.8125325e+00  -7.8386346e-01  -1.2579493e+00  -5.8842788e-01   1.0328697e+00   1.0202863e+00  -1.1662633e+00
   8.4502048e-01   2.4556046e+00   3.9871471e+00  -7.9077081e-01   6.2976682e-02  -2.5065688e+00  -1.0996746e-01  -7.3148989e-02  -1.7450281e+00   1.1997304e+00   2.0304558e+00  -1.4676591e+00
   2.2702095e+00   1.5963007e+00   3.1784776e+00   7.8608435e-01  -1.3297300e-01  -2.7765062e+00   4.8248807e-01   8.9520754e-01  -2.4374086e+00  -3.4305862e-01   7.2363627e-01  -7.8921148e-01
   1.3570338e+00   1.9473886e+00   7.8588044e-01  -3.1016045e-02   5.6392760e-01  -5.1712932e-01   6.6406300e-01  -7.4529011e-02  -1.2364452e+00  -1.0598176e+00   5.9433348e-01  -6.6395542e-01
   1.5121975e-01   2.2508907e+00   1.4119932e+00  -4.2427678e-01   1.4517436e+00  -1.7707592e+00   4.7094283e-01   5.5736802e-02  -1.1374044e+00  -6.4071920e-01   7.1823687e-01  -1.0917234e+00
  -3.3741735e+00  -8.8146938e-01   1.1542181e+00  -2.5073729e-01   2.8162943e-01  -1.5002857e+00   1.0815302e+00  -8.9683788e-02  -2.1285871e+00  -1.2766686e+00   6.4857954e-01  -9.2981271e-01
   5.9670489e-01   3.2403965e-01   2.5311605e+00   1.1076736e+00   2.4261729e+00  -7.3773943e-01  -1.2495326e-01  -2.4793582e+00  -2.3467962e+00  -4.1049741e-01   8.0374828e-01  -1.2310481e+00
   6.8362554e-01  -1.0116889e-01   3.0746862e+00   7.9104992e-02   2.3900344e+00  -2.5622455e-01   4.1060646e-01  -2.5787817e+00  -2.9828036e+00   6.7248510e-01   4.3425788e-01  -1.2773710e+00
   7.1761819e-01  -2.5890229e-01   3.3060955e+00   4.7801631e-01   2.4404820e+00  -1.2426451e+00   2.6398664e-01  -1.4782385e+00  -2.6469225e+00   8.2092740e-01   4.0936912e-01  -1.0902441e+00
   1.4202375e+00  -9.1833172e-01   2.8889851e+00   3.7370948e-01   2.3572822e+00  -2.6580068e-01   1.6745592e-01  -8.0364489e-01  -2.7103297e+00   6.2547425e-01   8.2134157e-01  -1.0723840e+00
   1.2930371e+00  -1.6443150e+00   2.2462785e+00  -7.4765521e-01   2.3145892e+00   2.4233466e-01   1.0810637e+00  -6.5642838e-01  -1.7078033e+00  -1.7966473e-01   1.1327008e+00  -9.6059411e-01
  -4.2255932e+00   5.2836595e-02   2.3812047e+00   8.9388210e-01   3.2238206e+00  -2.1941864e-02   3.7484433e-01  -1.1527812e+00  -6.5231024e-01  -7.6495577e-01   8.8357390e-01  -9.7570518e-01
  -6.4930497e+00  -1.2685947e-01   2.4818507e+00   5.9590330e-01   2.4878198e+00  -5.0673067e-01   9.2304250e-01  -8.2703260e-01  -7.8375705e-01  -7.4935274e-01   6.1966729e-01  -1.1895597e+00
  -7.3052605e+00  -7.1514177e-01   1.8852147e+00   1.5135401e-01   2.5275622e+00  -1.3440083e-01   8.9229314e-01  -5.2500344e-01  -7.9989277e-01  -1.1343383e+00   1.1224576e+00  -8.3422201e-01
  -7.7923163e+00  -6.1539787e-01   1.8433417e+00  -9.7994399e-02   2.8316255e+00  -3.3151420e-01   8.2506114e-01  -7.8801619e-01  -7.3833104e-01  -7.3790864e-01   1.3775250e+00  -5.5260297e-01
  -7.7183714e+00  -8.2431978e-01   1.8294286e+00  -5.6641731e-01   1.9311454e+00  -8.0277719e-01   9.7250361e-01  -1.2273583e-01  -3.8169872e-01  -9.5431620e-01   9.2299550e-01  -8.4332233e-01
  -8.3714210e+00  -1.1580595e+00   2.1051698e+00  -1.5835441e-01   1.9080160e+00  -5.7736342e-01   1.0152466e+00   2.6930679e-02  -1.3701881e-02  -1.0156110e+00   9.5927353e-01  -2.4831200e-01
  -7.5189439e+00  -6.9247435e-01   2.1045357e+00  -3.6665069e-01   2.2150445e+00  -8.9026148e-02   5.4395565e-01  -7.2326133e-01  -7.4575839e-01  -1.6563097e+00   6.1304449e-01  -7.5196803e-01
  -7.1332829e+00  -1.4723481e+00   1.8849494e+00  -4.3960566e-01   1.8699805e+00  -1.1622201e+00   4.3413993e-01   1.2787021e-03  -2.4793902e-01  -1.3183626e+00   5.1697548e-01  -1.2701279e+00
  -4.5473567e+00  -9.5584125e-01   2.1163480e+00  -8.4100053e-01   1.6611480e+00  -3.0579674e-01   8.0934558e-01   9.0314237e-03  -4.8354624e-01  -7.9945658e-01   1.0081049e+00  -9.8027642e-01
  -2.2402565e+00  -7.0184629e-01   1.1847329e+00  -1.4304134e+00   5.8703718e-01  -1.0001857e+00   1.7145182e-01  -3.3108912e-01  -3.9145381e-01  -1.0606393e+00   6.7336589e-01  -7.6635319e-01
  -2.2523639e+00  -3.0600744e-01   1.0962309e+00  -2.5685568e+00   1.0096045e+00  -1.1921277e+00   3.4289231e-01  -3.3993181e-01  -1.2551068e+00  -9.9678932e-01   7.9109121e-01  -9.9673048e-01
  -1.4606991e+00   9.2165865e-01   8.8059971e-01  -2.3937384e+00   7.9513137e-01  -1.2741971e+00  -3.0139259e-02  -1.5048589e-01  -1.3609213e+00  -4.5437067e-01   4.1164644e-01  -7.4365740e-01
  -3.1435172e+00   2.3708904e-01   1.5398643e+00  -9.1737909e-01   1.3715611e+00  -2.3994869e-01   1.0646883e+00   5.3568157e-01  -9.7771839e-01  -7.6862497e-01   4.4673725e-01  -6.7739323e-01
  -1.6562657e+00   5.1365323e-01   1.0089504e+00  -1.5844219e+00   2.6958552e-01  -7.8963213e-01   4.3024110e-01   3.0857610e-01  -7.3004396e-01  -2.6832671e-01   7.2445706e-01  -1.0627159e+00
  -1.3090446e+00   5.7237779e-01   3.9290731e-01  -1.7123795e+00   5.5414483e-01  -1.6868961e+00   5.2605421e-03   2.0968173e-01  -1.2146745e+00  -1.3665812e+00   5.1074547e-01  -9.2040117e-01
  -1.2526682e+00   1.8926733e-01   5.4578834e-01  -1.4110284e+00   6.7614975e-01  -1.0318584e+00   5.6842342e-01   4.1432118e-01  -4.6568045e-01  -5.8387887e-01   5.2764457e-01  -9.4215369e-01
  -1.7415587e+00   1.2583453e-01  -7.1835741e-01  -1.3385495e+00   5.6260783e-01  -5.4286092e-01   4.2779618e-01  -4.2668801e-01  -6.3207807e-01  -9.8643624e-01   4.2206375e-02  -1.1151031e+00
  -4.4948214e-01   2.3088344e-01  -1.1382078e+00  -9.0757574e-01  -3.6597797e-03  -1.1996095e+00   1.8253403e-01   3.7778868e-02  -1.3206243e-01  -1.0631102e+00   3.9630359e-01  -7.4231305e-01
  -3.4980243e-01   8.4447197e-03  -1.1143198e+00  -6.3472053e-01  -4.2949177e-01  -1.6729606e-01   7.5930444e-01  -2.6779865e-01  -2.2940406e-01  -7.2456053e-01   5.4670453e-01  -5.2850162e-01
   2.1527965e-01   1.0411463e+00  -3.0383845e-01  -2.4923660e-01  -8.3029441e-02  -6.5188460e-01   6.9261429e-01  -5.3917902e-01  -6.8444640e-01  -4.9605092e-01   5.0428798e-01  -1.1111423e+00
  -1.8079827e-01   6.1578094e-01  -8.3459825e-01  -3.5537360e-01  -1.9302793e-01  -4.6794019e-01   5.6508590e-01  -2.5240252e-01  -6.6688245e-01  -5.2014712e-01   5.3089204e-01  -1.1213517e+00
   4.1957734e-02   7.9906946e-01  -8.3115826e-02   7.1272737e-01   3.2506552e-01  -1.8267672e-01   1.1302937e+00  -9.6567986e-02  -3.4815233e-01  -6.1288085e-01   1.7480170e-01  -1.3043755e+00
  -1.2132403e-02  -6.9813506e-02  -6.1760700e-01   8.0068743e-01   3.9551467e-01  -3.3926942e-01   1.1306235e+00  -2.3683844e-01  -4.8141213e-01  -5.2643914e-01   6.8618804e-02  -1.6364289e+00
   3.0506056e-01  -7.9374804e-01  -1.4301620e+00   4.5969382e-01   6.4748317e-01  -8.1579432e-01   7.4564814e-01   1.9213568e-01  -4.1707443e-01  -5.5314630e-01   4.8718292e-01  -9.4463618e-01
   3.2368552e-02  -4.3591743e-01  -1.8172491e-01   9.0826385e-01   3.2086447e-01  -1.4952510e+00  -7.9059921e-02  -3.6439882e-01  -6.6630611e-02  -1.8321826e-01   2.0857926e-01  -8.1269905e-01
  -6.5357520e-01  -2.0574369e+00  -1.2234528e+00   3.3738795e-01   1.0193795e-01  -1.5818196e+00   1.2891551e-01  -3.4699448e-01  -1.0138700e+00  -9.0159242e-01   7.1762217e-01  -8.6894628e-01
  -5.4074538e-01  -1.9916092e+00  -1.3579118e+00   1.8117232e-01   2.3545083e-01  -2.1761298e+00  -2.7491703e-02  -2.5274951e-02  -4.3584099e-01  -7.3644709e-01   1.2853745e-01  -1.0696228e+00
   4.1294051e-01  -1.1944633e+00  -1.1293833e+00   3.2620612e-01   4.8961449e-01  -1.3378556e+00   4.3627818e-01  -2.1881174e-01  -5.8743040e-01  -9.5977068e-01   6.0573162e-02  -1.0771830e+00
   9.4327812e-01  -8.7799299e-01  -1.2527424e+00   5.9423417e-01   6.4747344e-01  -1.2553039e+00  -6.2510662e-02  -1.6184553e-02  -3.8804351e-01  -4.9024085e-01   6.8573154e-01  -4.4657017e-01
  -5.8475278e+00  -1.8618788e-01  -3.9552331e-01  -1.4424212e+00   5.3380576e-01  -1.9463505e+00   1.3859011e-01   7.6483589e-01  -7.0101078e-01  -1.0052675e-01   1.3922834e+00  -2.4503319e-01
  -5.6361378e+00   4.8016029e-01  -8.0774907e-03  -1.1206082e+00   7.3445012e-01  -1.4342202e+00   5.6572224e-01   4.0426069e-01  -1.0939215e+00  -1.8870627e-01   8.2364172e-01  -1.2876148e+00
  -4.9125809e+00   5.8893676e-01  -4.3534944e-02  -6.9370797e-01   5.9953974e-01  -1.5355340e+00   8.7290160e-01   1.0721391e+00  -1.2150146e-01   1.3157863e-01   9.5027990e-01  -1.2930360e+00
  -4.0282756e+00   4.0049939e-01   2.8005143e-01  -9.3969936e-01   7.3653509e-01  -1.0992611e+00   8.7377584e-01   6.5330260e-01  -1.0588190e+00  -7.9013074e-01   4.6013925e-01  -9.3609488e-01
  -2.4749271e+00   5.6721394e-01  -1.5336931e-01  -1.0988607e+00   5.4878799e-01  -1.4536555e+00   2.7482794e-01   3.7268319e-01  -8.2212824e-01  -5.9892643e-01   3.7779177e-01  -1.0269675e+00
  -3.8783998e+00   1.9467503e+00   6.8381072e-02  -4.6278120e-01  -2.5210906e-02  -1.6859004e-01  -8.0539671e-01   1.7771541e-01  -8.1044779e-01  -8.4394484e-01   4.7349415e-01  -5.0512986e-02
  -3.7671191e+00   1.5423547e+00  -8.6939009e-01  -3.1159564e-01   6.8117240e-01  -2.7170048e-01  -5.9017014e-01   7.0562974e-01  -8.6812317e-01  -8.6627227e-01   2.4896260e-01  -7.9555956e-01
  -2.2020024e+00   1.3448527e+00  -3.3288360e-01  -1.0521047e-01   6.7007268e-01  -1.0150627e+00   4.3904372e-02   9.3471980e-01  -5.1622121e-01  -1.2714517e+00   1.4978482e-01  -8.4890200e-01
