   1.9708441e-01   1.1728379e+00  -2.8366537e-01  -2.9205221e-01  -3.2548597e-02  -6.3891252e-01   4.5472282e-01  -9.2760023e-03  -1.0674804e+00  -7.0107837e-01   5.1607543e-01  -1.0839343e+00
  -5.1160191e-01   7.8121762e-01  -8.7556672e-01  -9.6615434e-01  -2.3332895e-01  -9.3253288e-01   2.8237969e-01   6.7642954e-02  -5.9394040e-01  -2.8263358e-01   8.4615214e-01  -4.2632246e-01
  -2.2088475e-01   6.0766469e-01  -8.6012096e-01  -3.9488611e-01   6.3640379e-01  -3.4783760e-01   6.7477699e-01   4.8952431e-01  -3.3809539e-01  -2.7719932e-01   1.0162872e+00  -9.0314304e-01
   5.7318059e-02   6.4242535e-01  -1.3122326e+00  -9.1345182e-02   5.3555428e-01  -2.8839993e-01   6.5515355e-01  -1.3355985e-01  -3.8114922e-01  -3.8582920e-01   9.8342591e-01  -6.0167843e-01
   1.1957553e-01   9.7518746e-01  -1.2951885e+00  -3.7538314e-01  -2.4400629e-01  -7.3208332e-01   5.1160184e-01   1.1835228e-01  -3.0409455e-01  -4.4664805e-01   8.1575826e-01  -4.0796850e-01
  -2.4755480e-01   6.6225986e-01  -1.2728241e+00  -4.9036094e-01   5.9759217e-02  -5.6932605e-01   6.4998460e-01   1.3308594e-01  -3.2671331e-01  -3.2490900e-01   4.5931534e-01  -3.6770572e-01
   2.7155264e-01   9.9116664e-01  -1.0136959e+00  -2.4859265e-01  -1.7811545e-01  -3.0877773e-01   6.1349842e-01   2.5787541e-01  -6.9145640e-01  -6.6798719e-01   3.9196683e-01  -8.1830302e-01
  -5.9570030e-01   8.0593398e-01  -1.0993259e+00  -9.4712956e-02  -4.0250690e-01  -1.0697807e+00   2.6746434e-01  -1.2769217e-01  -7.1449540e-01  -5.2883561e-01   9.9544650e-01  -4.3965135e-01
  -5.5624315e+00   8.0506438e-01   6.8219200e-01  -1.5210449e+00  -4.3569801e-01  -6.5569778e-01   1.0297217e+00  -2.0727543e-01  -4.1694710e-01  -4.0169840e-01   5.1728324e-01  -1.1357276e+00
  -5.6867527e+00   1.1961976e+00   6.7046055e-01  -1.2054261e+00   4.8790718e-01  -7.2112944e-01   7.1236885e-01   3.9183365e-01   5.8085440e-01  -9.1042944e-01   1.7589185e+00  -4.0486727e-01
  -2.7114301e+00   3.4461347e-01   1.3603515e-01  -1.4181974e+00  -9.6337531e-02  -1.0192324e+00   2.4927525e-01  -2.6623995e-02  -1.4916887e-01  -5.2380781e-01   7.6099682e-01  -4.4540034e-01
  -2.4243343e+00   5.7908378e-01  -3.2617654e-01  -2.2613546e+00  -2.7819319e-01  -6.7886409e-01  -1.3802908e-02  -4.7384192e-01  -5.3362894e-01  -5.8602372e-01   5.6904164e-01  -8.7966449e-01
  -2.2799079e+00  -4.0097004e-02  -6.4853749e-01  -9.4017743e-01   1.0492349e-01  -9.5165838e-02   8.4918350e-01   1.8141332e-01  -6.0810657e-01  -1.1157653e+00   5.8631828e-01  -4.6089017e-01
  -2.2700801e+00   1.5344118e+00   1.7353588e-01  -7.7813859e-01   5.1224837e-02  -8.3087291e-01   2.2336311e-01   6.0163780e-01   1.6568745e-01  -5.0194236e-01   5.2916255e-01  -2.4953080e-01
  -3.1763467e+00   1.7065480e+00  -1.0691972e+00  -3.3808877e-01   4.5648235e-02  -8.2276840e-01   1.4446471e+00   2.2015177e-01   5.0114478e-01  -3.0564022e-01   4.2383759e-01  -5.0012421e-01
  -2.2285578e+00  -1.7285157e-01   1.3257557e+00  -3.5979356e+00  -6.7024280e-01  -3.5039462e+00  -1.9688747e-01   1.2156482e+00  -7.4607847e-01   1.2052614e+00   2.5296793e+00  -1.0338265e+00
   1.4281728e+00   1.7881756e+00   2.9099660e+00  -1.2899643e+00  -2.3467539e-01  -3.3321414e+00   1.4542797e-01   4.1988857e-01  -1.5558485e+00   3.4231667e-01   1.3478284e+00  -1.1794330e+00
   1.7044425e+00   2.6448581e+00   3.2961680e+00  -4.9537065e-01  -1.1795191e+00  -3.1209819e+00  -2.6797224e-01  -2.6255456e-01  -1.1333166e+00   5.1494001e-01   6.1691102e-01  -7.8117692e-01
   1.5969544e+00   3.1683937e+00   3.2802425e+00  -4.1093524e-01  -1.2597418e+00  -3.1118482e+00  -3.5485874e-01  -4.1031130e-01  -1.1757064e+00  -7.8801427e-01   2.0654349e+00  -8.9303389e-01
   1.6468639e+00   2.5069391e+00   1.4467636e+00  -1.7223697e+00  -1.2767971e+00  -1.6819635e+00   1.1559599e+00  -2.8235088e-01  -1.9389543e+00  -1.1167842e+00   1.3022704e+00  -9.1896350e-01
   6.8235073e-01   3.1812296e+00   1.8197385e+00   9.0591896e-01  -9.5705438e-01  -2.2098042e+00   6.7199964e-01   4.9480567e-01  -1.2783533e+00  -1.6829512e+00   3.3690483e-01  -1.1585382e+00
  -1.3244682e+00   3.4638682e+00   6.9226963e-01  -3.7915868e-01   2.7611164e-01  -3.3135472e-01   5.7732991e-01  -1.6509520e-01  -1.9103270e-02  -1.0774668e+00   7.3883729e-01  -8.4661383e-02
  -3.2390212e+00   1.1965084e+00   2.1172348e+00  -8.6857732e-01   1.7824402e+00  -2.4886945e+00  -3.0169436e-01  -5.0403007e-01  -2.5387913e+00  -1.0663614e+00   6.7183121e-01  -9.4145506e-01
  -2.6092329e-01   9.3398310e-01   2.4869465e+00   2.9166395e-01  -8.9738952e-01  -2.5468528e+00   8.0634008e-01   1.3550104e-01  -1.6327392e+00  -1.3424115e+00   1.0211854e+00  -1.1850686e+00
   8.6233718e-01   1.4473658e+00   2.5006505e+00  -1.0717428e+00  -1.0140070e+00  -2.5434138e+00   6.9995410e-01  -3.1777484e-01  -1.9523823e+00  -3.2419940e-02   5.5913818e-01  -1.5569461e+00
   1.0200521e+00   4.4285763e+00   2.1371049e+00  -1.2724867e+00  -1.1319761e+00  -2.6748870e+00   2.9350061e-01  -1.3385431e-01  -2.1048136e+00   6.7404553e-02   1.2010126e+00  -1.6218930e+00
  -3.3664329e-01   3.9363308e+00   2.1616568e+00  -5.3363931e-01   8.6591773e-01  -9.9158524e-01   2.8238516e-01  -2.2026381e-02  -1.1455444e+00  -4.6365573e-01   6.0930451e-01  -1.8280048e+00
  -3.4966544e-01   3.4493345e+00   2.7672122e+00  -3.2681621e-01   8.0188368e-01  -7.5756784e-01  -8.8969672e-02   3.8041870e-01  -1.2643576e+00  -8.7859586e-01   7.4437892e-01  -1.9786329e+00
  -3.8251053e-01   3.1932391e+00   1.5396688e+00   5.7552751e-02   1.3289231e+00  -3.3697477e-01  -1.0375402e-01  -2.8456045e-01  -9.6544373e-01  -6.3051913e-01   4.9597145e-01  -1.9961885e+00
  -8.6860957e-03   4.7796788e+00   2.4280133e+00  -1.4367888e+00  -8.2332732e-02  -1.9354781e+00  -4.0200741e-01  -2.8844830e-01  -9.3785083e-01   2.9518860e-01   8.8737735e-01  -1.4398031e+00
   2.7850179e-01   3.9154719e+00   2.9794061e+00  -6.1732027e-01  -1.0085758e+00  -2.8426482e+00  -3.4433002e-01   1.7082306e-01  -1.5380774e+00   2.3785638e-01   1.5778545e+00  -1.3765305e+00
   5.0968025e-01   2.8458813e+00   2.9243831e+00   7.5422711e-01  -9.3441320e-01  -3.3207070e+00  -7.1326316e-01   1.2002414e+00  -2.1748905e+00  -1.2133505e+00   8.2383698e-01  -1.1547295e+00
  -1.7666057e+00   3.6395994e+00   4.9798497e-01   1.8806107e-01  -3.9429628e-01  -1.1254162e+00  -3.4771659e-01  -1.1616924e+00  -1.2995350e+00  -1.2405751e+00   2.3879869e-01  -6.0288414e-01
  -2.3820272e+00   2.9887070e+00   4.2950317e-01  -4.4521791e-01  -7.5397971e-04  -6.8547887e-01  -4.8771966e-01  -3.9542647e-01  -1.5344429e-01  -8.2010289e-01   3.8838211e-01  -3.0166182e-01
  -3.1747113e+00  -5.1286484e-01   4.2171968e-01   5.2461595e-01  -1.0556387e-01  -3.0320655e+00  -7.7472425e-01  -8.8120608e-01  -2.0483152e+00  -1.2946363e+00   5.4185885e-01  -1.0575077e+00
  -8.3032567e-01   1.3831549e+00   1.3727629e+00   1.0714380e+00   1.1416433e+00  -6.9520128e-01   8.4094529e-01  -1.2988143e+00  -2.5648172e+00  -1.2341203e+00   4.2300405e-01  -1.1119691e+00
  -4.1659162e-01   1.1292504e+00   1.6211001e+00   2.2251644e+00   1.5838978e+00  -9.2685532e-01   1.2480536e-01  -1.4759575e+00  -3.0368405e+00  -1.2149909e+00   9.7234496e-01  -7.8482723e-01
   2.8068679e-01   1.4219533e+00   2.0858022e+00   1.0691400e+00   9.5364678e-01   8.6601761e-02  -5.7365194e-02  -1.9715348e+00  -2.2709053e+00  -8.8605120e-01   9.2288243e-01  -1.4333689e+00
  -9.2115388e-02   3.6155425e-01   2.3441980e+00   1.9510012e+00   1.9629633e+00  -4.1929198e-01   2.2199479e-01  -2.0285489e+00  -2.4259564e+00  -6.1971156e-02   1.3556973e+00  -1.2076849e+00
   6.3982832e-01   9.1666136e-01   2.1226381e+00   8.4917089e-01   1.9157263e+00  -4.0788570e-01  -1.0936704e-01  -1.6749617e+00  -2.1591289e+00   3.1717445e-02   2.2328348e+00  -7.6769526e-01
  -9.6786075e-01   2.0062493e-02   1.5122833e+00   4.4824408e-01   2.4577669e+00  -4.2101245e-01  -1.3971105e-01  -1.0043795e+00  -1.1016470e+00  -6.9291751e-01   1.0861792e+00  -1.5003094e+00
  -6.3831002e+00  -3.3402884e-01   2.0236475e+00   2.3714187e-01   2.9420473e+00  -1.0542423e+00   3.8896270e-01  -9.0779928e-01  -7.6097726e-01  -1.0342443e+00   1.1279093e+00  -1.4868559e+00
  -6.5303193e+00   1.8689249e-01   1.8268437e+00  -3.7372345e-02   2.8571486e+00  -1.1354614e+00   5.0171071e-01  -3.6919783e-01  -6.4738894e-01  -9.5160198e-01   7.1836285e-01  -1.4020291e+00
  -7.7618480e+00  -3.4320087e-01   1.7857113e+00  -3.6838470e-01   2.0892179e+00  -1.4843365e+00  -1.5646968e-01  -7.5888971e-01  -3.9050754e-01  -5.1294584e-01   1.1818692e+00  -7.1608653e-01
  -7.5059804e+00  -1.1275866e-01   1.4811189e+00   3.6763937e-02   2.1685242e+00  -6.3858659e-01   4.7300756e-01  -4.3918242e-01  -4.9239803e-01  -5.4080487e-01   8.8757111e-01  -9.3454289e-01
  -7.4198764e+00  -6.9433986e-01   9.7354071e-01  -3.2571550e-01   2.8106848e+00  -5.7652806e-01   3.0569200e-01  -2.1398201e-01  -3.5528254e-01  -5.9571464e-01   1.1710240e+00  -1.1758462e+00
  -7.2724345e+00  -5.3431894e-01   1.2167146e+00  -6.6008517e-01   1.6024970e+00  -9.8160820e-01   1.4061333e-01  -3.8092442e-01   1.1187237e-01  -1.2800185e+00   7.0113550e-01  -1.3103330e+00
  -7.7271775e+00  -6.7160306e-01   7.3130324e-01  -1.1345445e+00   2.1218359e+00  -8.7845742e-01   8.2137112e-01   3.9123312e-03  -2.2447916e-01  -1.1157103e+00   5.9989211e-01  -1.1722413e+00
  -7.1587083e+00  -8.0962807e-01   1.0653010e+00  -9.0312304e-01   1.9454603e+00  -9.0481293e-01   1.0625059e-01  -7.6220384e-01  -3.5914654e-01  -1.1829452e+00   7.1443550e-01  -1.0697837e+00
  -6.5090706e+00  -6.5648710e-01   8.2073793e-01  -1.0616190e+00   1.6480209e+00  -8.5392370e-01  -5.1396757e-02  -7.0246934e-01  -6.7606163e-01  -1.5408495e+00   6.4458513e-01  -9.4453105e-01
  -3.5353505e+00  -1.8703173e-01   9.8812180e-01  -1.4369875e+00   1.1620920e+00  -9.3441567e-01   5.6731218e-01  -1.6494132e-01  -1.1830464e-02  -1.1663533e+00   6.3060084e-01  -1.3152537e+00
  -1.9050389e+00   3.1592690e-01   4.5002135e-01  -1.3456656e+00   9.8916452e-01  -8.3741815e-01  -1.3279444e-01  -1.5796462e-01  -5.8963647e-01  -9.3045208e-01   5.4402866e-01  -1.2427872e+00
  -5.5790260e-01   4.4619044e-01  -2.9829931e-01  -1.7606522e+00   4.3379918e-01   6.4342404e-02   1.0586245e-01   4.9885344e-01  -8.1593127e-02  -1.6871420e+00   2.4417723e-01  -7.1340792e-01
  -5.5310269e-01  -1.1426556e-01  -5.0006338e-01  -9.4723585e-01   7.7742549e-01  -3.1939235e-02   1.6061254e-01  -2.9777252e-01  -5.9430352e-01  -1.3302772e+00   6.3713833e-01  -7.4818094e-01
  -9.3658721e-01  -6.3110302e-01   1.4302713e+00   1.5821769e+00   2.7883113e+00  -1.0137327e-01  -2.4609093e-01  -3.5638987e-01  -3.4698819e-01   1.3195753e-01   2.1004346e-01   1.1858188e+00
  -4.9642144e+00  -1.5040590e+00   1.1066715e+00   9.9941413e-01   2.5560649e+00   1.3551034e-01  -4.6976523e-02  -9.8965997e-01  -9.1904776e-01  -2.8547077e-01   2.0842497e-01   6.0887324e-01
  -6.2239995e+00  -1.5966658e+00   7.0351995e-01  -2.0662484e-01   1.7898992e+00  -2.0670983e-01  -5.0204373e-03  -7.8363795e-01  -5.8585837e-01  -2.4505148e-01   7.4503256e-01   5.1661979e-01
  -7.5465743e+00  -1.9239007e+00   6.5319256e-02   2.3321161e-02   1.9565148e+00   2.7620823e-01  -1.8403419e-01  -1.1156104e+00  -2.7193998e-01   1.3009530e-01   6.1807305e-01  -3.0597417e-01
  -7.4866548e+00  -2.3207463e+00   3.3347656e-01   5.4283641e-01   2.2095534e+00  -1.1554347e-01  -2.2220621e-01  -5.7265927e-01  -2.2865592e-01  -4.9521590e-02   8.3219723e-01   6.1030065e-01
  -7.1976096e+00  -1.4436613e+00   5.7548855e-01   4.4925903e-01   2.9664631e+00   7.9042658e-01  -7.0934037e-02  -1.2678437e+00  -4.4469525e-01  -5.6713744e-03   8.9053152e-01   9.5965185e-01
  -6.9225554e+00  -1.9080980e+00   2.9850451e-01   3.9341221e-01   1.9474151e+00  -1.9291471e-01  -3.4493774e-01  -1.3985870e+00  -7.6387092e-01  -1.9549961e-01   7.2592456e-01   6.1633096e-01
  -6.5333967e+00  -2.4769287e+00   7.4944261e-02   6.1859093e-01   2.6412553e+00   2.0654753e-01   2.5571130e-01  -4.2233577e-01   1.4754497e-01   8.9172268e-02   8.4004560e-01   5.8055041e-01
  -5.5671066e+00  -1.6622449e+00   2.1167307e-01   1.3120069e+00   2.5632534e+00   1.1617814e+00   6.9956455e-01  -5.9129601e-01   4.4674197e-02   5.9377969e-01   1.0391507e+00   7.8800381e-01
  -3.7315165e+00  -8.1380101e-01  -2.6345070e-01   1.4827882e+00   1.7415300e+00   1.0678514e+00  -9.7030036e-02  -6.0226358e-01   3.2756850e-01   6.2331642e-01   1.1080053e+00   9.0497125e-01
  -3.9403548e+00  -3.9053655e-02  -6.7636384e-01   1.5285988e+00   1.2236323e+00   1.6037282e+00   4.0834974e-01  -5.8806190e-01   4.9606612e-01   8.7013805e-01   6.7115683e-01   6.9006188e-01
  -4.6980047e+00   4.2674303e-01  -7.6514135e-01   1.6247921e+00   9.7219922e-01   1.6916973e+00   2.2881894e-01  -4.9341590e-01   4.3664906e-01   1.0011529e+00   1.3113290e+00   1.2140859e+00
  -1.0266587e+01   9.9379826e-01   3.3972319e+00  -4.2589334e-01   2.7211359e+00   1.7217282e+00   1.2596928e+00  -1.1613307e+00  -3.6844615e-01   1.7683770e+00   1.6758903e-01   5.9759915e-01
  -6.9799684e+00   2.0972799e+00   1.4008033e+00   7.7152755e-01   2.3022500e+00   2.2093721e+00   1.6965404e+00  -1.0044056e+00  -5.0830850e-02   1.0263100e+00  -2.6872075e-01   6.4670736e-01
  -6.7131264e+00   2.2106459e+00   1.0608530e+00   8.8893413e-01   1.4533985e+00   1.6453985e+00   9.6249042e-01  -1.4746047e+00   2.8621301e-01   1.1254490e+00  -4.6016006e-02   5.5325691e-01
  -6.2634544e+00   2.1606144e+00   1.1190205e+00   2.2737162e+00   1.4890532e+00   2.1743360e+00   1.2875878e+00  -6.6461146e-01   6.0773921e-01   6.8019140e-01  -3.2103930e-01   6.9882335e-01
  -5.5670318e+00   1.5427571e+00  -3.6320146e-01   1.2572020e+00   1.2394291e+00   1.3394481e+00   1.8068488e-01  -9.2483625e-01   5.0373570e-01   5.4981012e-01  -5.2415649e-01   3.0552675e-02
  -5.0228314e+00   2.2711246e+00   1.8568064e-01   2.4922052e+00   1.7089867e+00   1.7131369e+00   6.9649719e-01  -3.7428760e-01   3.7769133e-01   7.7595435e-01   6.0578261e-01   8.8080409e-01
  -5.5285877e+00   2.4202225e+00   4.3259662e-01   2.5259344e+00   1.9569658e+00   1.3761643e+00   1.8156763e-01  -8.8376078e-01   1.0778939e-01   6.6397168e-01   3.0911985e-01  -8.0303323e-03
  -4.6348055e+00   2.2789054e+00   8.7521646e-01   2.3034311e+00   1.6669679e+00   1.4619398e+00   1.7157074e-01  -4.7604689e-01   1.5243100e-01   3.7309546e-01   3.9957247e-02   8.0928013e-01
  -5.6124861e+00   1.3285656e+00   8.6065480e-01   2.1680864e+00   1.3609234e+00   1.8943623e+00   8.6565015e-01   4.0210362e-01   6.7087965e-01  -6.1881993e-01  -4.3927005e-01   9.0774472e-01
  -5.5246374e+00   1.1705009e+00   6.0124642e-02   2.0273053e+00   1.2435513e+00   2.3425069e+00   3.5896312e-01  -1.6153207e-03   6.8067392e-01   2.5652195e-01  -8.1852592e-02   8.0009927e-01
  -5.4642880e+00   1.7295428e+00   5.7968373e-01   2.1295516e+00   1.6285564e+00   2.4788442e+00   7.4299255e-01  -2.2987604e-01   4.0514025e-01   3.2234714e-01  -3.2928405e-01   2.9037460e-01
  -5.2615276e+00   1.5228057e+00   5.3372683e-01   2.0574965e+00   6.5264280e-01   1.5414754e+00   1.2376932e-01  -7.6868952e-01   9.6516228e-01   7.5570017e-01  -2.4259437e-01   4.3768119e-01
  -5.3387265e+00   2.1550331e+00   6.0235364e-01   1.8239645e+00   1.1685914e+00   1.2593493e+00   3.5957852e-01  -6.2977780e-01   6.7434673e-01   6.6241922e-01   2.1508344e-01   6.0377689e-01
  -5.6303043e+00   2.1477161e+00   4.8136154e-01   2.8435679e+00   1.5943833e+00   1.2117647e+00  -4.1279074e-01  -1.0790745e+00   2.1754302e-01   7.5345733e-01   4.3047629e-01   1.1249750e+00
  -5.2506814e+00   2.9643207e+00   8.3955720e-01   2.0298478e+00   9.0583291e-01   1.4996821e+00   6.7476954e-01  -5.7935853e-01   7.3240286e-02   2.6962591e-01  -4.3875286e-01   8.6947088e-02
  -4.7599781e+00   2.0742176e+00   1.3349319e+00   2.6901287e+00   8.0664211e-01   1.1474210e+00   1.4949191e-01  -1.8706014e+00  -3.9909557e-01   5.1857395e-01   3.5721795e-01  -3.6758925e-02
  -5.3609908e+00   2.2512076e+00   2.4988239e-01   1.8984111e+00   9.6033027e-01   1.5282545e+00   4.7958585e-01  -8.3422002e-02   4.8638077e-01   8.0253290e-01   1.6880825e-01   3.0117431e-01
  -5.8681534e+00   2.6255182e+00   5.6101372e-01   2.4563136e+00   1.8064069e+00   1.6467690e+00   5.1972172e-01  -1.5327488e-01   8.3339276e-01   1.1080959e+00   3.7828240e-01  -1.7968127e-01
  -7.6513531e+00   6.0761779e-01   1.3409021e+00   1.3685281e+00   6.7736453e-01   2.3501096e+00   1.6803793e+00   4.1334099e-01   1.4461072e+00   8.8261385e-01   4.7515070e-01   3.5598981e-01
  -7.0279214e+00   1.5217493e+00   2.1496146e+00   1.4818727e+00   1.9210473e-01   1.8875914e+00   8.9570448e-01  -8.3286623e-01   5.4281522e-01  -4.5605317e-01  -7.4948695e-01   2.1487750e-01
  -7.4511397e+00   3.3657105e-02   2.2998221e+00   2.3824369e+00   3.2614505e-01   1.9132537e+00   6.4608195e-01  -1.5363101e-01   1.0946765e+00   6.4169452e-01  -1.6273091e-01   3.6775414e-01
  -7.1293598e+00   9.7613287e-01   2.4526767e+00   2.2578869e+00   4.7482043e-01   2.0576301e+00   9.0077083e-01  -3.4083899e-01   1.0293378e+00   1.2825041e-01  -1.8276061e-01   8.8657650e-01
  -7.8399121e+00   5.3485205e-01   2.0376005e+00   2.0426731e+00   7.3840804e-01   1.5606337e+00   4.9801094e-01  -5.9206404e-01   7.4874678e-01   7.0163218e-01   3.1269046e-01   7.8494761e-01
  -7.9105708e+00   1.4577663e-01   2.1714515e+00   1.9102125e+00  -2.2852601e-01   1.7022720e+00   7.5800262e-01  -2.0627178e-01   1.0619705e+00  -8.8064317e-02  -2.4386095e-01   1.6659636e-01
  -7.8709866e+00  -6.1007012e-01   1.2961682e+00   1.8656237e+00   9.3297078e-01   1.6407320e+00   4.5460360e-01   2.9685464e-01   1.0889464e+00   4.9792604e-01   2.1232858e-01   1.5015548e-01
  -8.5632285e+00  -1.2847928e+00   6.2752539e-01   1.8992360e+00   8.6298447e-01   1.6547557e+00   1.0627557e-01  -9.0589329e-01  -3.7847101e-02  -3.5692162e-01  -4.7177515e-01  -7.2402101e-03
  -7.6187816e+00  -4.0369039e-01   1.1001115e+00   1.2387970e+00   7.3539127e-01   1.3484284e+00   3.9394597e-01   2.5431357e-02   5.0788675e-01  -4.2943176e-01  -4.7942234e-01  -2.6223109e-01
  -8.9038098e+00  -4.8355643e-01   1.5510191e+00   1.7759740e+00   1.6511602e+00   1.1637718e+00   9.6207873e-01   3.9031672e-02   1.1887664e-01   5.4489345e-02  -1.3713858e-01   3.3543317e-01
  -8.7666015e+00  -5.5758684e-01   1.3894343e+00   1.7507242e+00   1.3368250e+00   7.2825622e-01   1.0109410e+00   3.8552513e-01   8.2858600e-01   6.7214638e-01   4.1141498e-01   4.6299936e-01
