  -1.8553538e+00   4.9305880e-01  -2.4545489e-01  -1.0871751e+00   4.0498688e-01  -9.7903426e-01   1.1661585e-01   2.2359477e-01  -5.6686690e-01  -2.9382016e-01   9.0815779e-01  -1.2708576e+00
  -1.0377247e+00   1.0362536e+00  -5.1387010e-01  -2.8006917e-01   1.4341621e-02  -8.5438604e-01   8.8541199e-01   2.2776968e-01  -1.0955658e-01  -3.3974789e-01   1.1127626e+00  -3.3456612e-03
  -1.5475807e+00   9.5898775e-01  -1.4759644e+00  -8.4140400e-01   1.9756606e-01  -8.0203534e-01   1.7847107e-01   1.2086509e-02  -2.9932595e-01  -6.1928737e-01   9.2881560e-02  -7.9616497e-01
  -1.0209441e+00   1.5313120e+00  -9.6938061e-02   7.4702117e-02   5.0608625e-01  -4.9405917e-01   5.4140409e-01  -2.1168945e-01  -2.4963732e-01  -5.3879190e-01   8.2442440e-01  -6.0803914e-01
  -1.9645321e+00   1.4523975e+00  -4.3097907e-01  -2.3504504e-01   3.4976042e-01  -2.3552202e-01   5.5318685e-01   1.8948472e-01  -7.4870946e-02   7.5777941e-03   9.3865664e-01  -2.8358938e-01
  -1.5167663e+00   1.0002428e+00  -3.5893768e-01   3.0469609e-01   7.0140827e-01  -2.1280885e-01   7.0452959e-01   1.0104817e-01  -1.8855002e-01  -5.0587731e-01   6.2469778e-01  -2.6397689e-01
  -1.3031215e+00   1.0199093e+00  -4.2747576e-01   5.2496226e-02   4.3060476e-01  -1.4545179e-01   6.3149555e-01   4.2575248e-01  -5.0718120e-01  -3.8277191e-01   9.5513828e-01  -3.6848891e-01
  -1.4134877e+00   9.0290060e-01  -9.7851483e-01  -1.5930373e-01   5.9313486e-01  -3.6374177e-01   8.1673076e-01   1.2050892e-01  -7.8041577e-01  -6.0406195e-01   5.7310842e-01  -3.5724323e-01
  -1.8298305e+00   1.3436029e+00  -2.4103305e-01   4.4334063e-01   5.6315192e-01  -2.2502047e-01   2.0896206e-02  -3.9813622e-01  -7.1763796e-01  -6.1450612e-01   8.2085681e-01  -2.6816949e-01
  -1.6373646e+00   1.7576236e+00  -8.1953512e-01  -7.1983068e-01   8.5626613e-01  -3.3799613e-01   7.3429958e-01  -2.0441159e-01  -1.9195497e-01  -6.1480476e-01   6.0272833e-01  -8.0565066e-01
  -1.9898260e+00   1.4063055e+00  -2.5414495e-01  -2.6471202e-01  -2.8799085e-02  -8.7539392e-01   5.5742514e-01  -4.3387907e-01  -3.2904158e-01  -8.1362659e-01   1.1037561e+00  -4.5356655e-01
  -3.3907848e+00   1.6770905e+00   1.2311863e-01   2.6166538e-01   6.4595471e-01  -4.0686251e-01   2.9244932e-01  -3.0701287e-01  -1.8502572e-01  -6.4565726e-01   4.9678479e-01  -1.3426073e+00
  -3.7470339e+00   1.2621231e+00  -2.4595295e-01  -3.6384363e-01   5.0613899e-01   7.4247006e-03   6.7259006e-01  -3.1962406e-01  -5.4690719e-01  -1.1312777e+00   3.3671361e-01  -1.0750353e+00
  -4.1818350e+00   1.3529956e+00  -1.0130407e+00  -1.3934811e+00  -2.4040398e-01  -9.4223024e-01   4.8719409e-01   5.1890070e-01   4.4559446e-01  -6.6433500e-01   6.2313235e-01  -5.5200860e-01
  -3.1152832e+00   1.7322541e+00  -6.1754713e-01  -3.9104084e-01   8.4203580e-01  -7.6466740e-01  -1.8352783e-03  -3.2540162e-01  -6.6519143e-01  -8.6485656e-01   5.6755544e-01  -8.1758379e-01
  -2.5914925e+00   9.9307767e-01  -5.8370362e-01  -9.5086027e-01   1.4386601e-01  -1.2173373e+00   9.6137411e-02  -7.9869846e-02  -4.1913251e-01  -9.1531960e-01   9.9863269e-01  -6.0505696e-01
  -3.2759289e+00   1.1280190e+00   1.7598640e+00  -3.5939807e+00   5.4732718e-01  -3.8781163e+00   7.9618127e-01   4.3381499e-01  -8.3371690e-01   3.4336343e-01   1.8839546e+00  -1.5043744e+00
   1.5773653e-01   2.6242816e+00   2.8061003e+00  -1.5914316e+00  -5.8271000e-01  -4.0484048e+00   9.2461656e-01  -2.8705514e-01  -2.9774584e-01  -3.0485890e-01   2.2382535e+00  -5.1540967e-01
  -1.0549245e-01   3.7907305e+00   3.7888998e+00  -1.6282988e+00   1.5230256e-01  -3.4038533e+00  -2.0202339e-01  -7.2151498e-01  -5.5076132e-01  -1.2211028e+00   2.5269552e+00  -2.9795183e-01
   1.3419802e+00   1.4731671e+00   3.7438282e+00  -5.3758647e-01  -8.7351439e-01  -3.4941021e+00  -3.2525341e-01   3.7957904e-01  -1.2825316e+00  -4.5667919e-01   1.9489926e+00  -1.3383647e+00
   1.6203039e+00   1.9546612e+00   3.5055198e+00  -1.3096175e+00  -7.9385071e-01  -3.8887002e+00   3.7973700e-01   5.4861526e-01  -8.4732683e-01  -7.2545521e-01   1.1761665e+00  -1.3008315e+00
  -1.9446363e-01   2.8362994e+00   1.8368208e+00  -2.5776639e-01   8.0887532e-01  -1.6363895e+00   1.0951678e+00   5.9226178e-01  -1.0084838e+00  -6.1565776e-01   7.2104674e-01  -5.0087037e-01
   1.1210629e+00   2.3205982e+00   7.7133936e-01  -9.9414858e-02  -9.9855621e-02  -1.6329139e+00  -1.5170272e-01  -3.5861495e-01  -1.6707057e+00  -1.7212055e+00   4.1994798e-02  -9.8132299e-01
  -3.6495112e+00  -2.5336242e+00   2.2578193e-01  -9.3193583e-01   8.0138405e-01  -2.9798785e+00   1.0088645e+00  -2.5822052e-01  -5.4291090e-01  -1.1266902e+00   1.1759111e-01  -1.7825180e+00
   1.2906810e+00   1.3538424e+00   3.4958053e+00  -5.8314803e-01  -6.7042296e-01  -3.6388781e+00   4.6238531e-01  -1.0817510e-01  -6.2752750e-01  -7.8191208e-01   9.2876083e-01  -1.1921934e+00
   1.6315556e+00   1.8549585e+00   2.7367107e+00  -8.6071429e-01  -1.7406285e+00  -3.5832952e+00   8.5341114e-01  -2.3197966e-01  -9.6974510e-01  -8.6390089e-02   8.2507166e-01  -1.0786013e+00
   1.0297966e+00   2.6880425e+00   2.5989517e+00  -1.4602629e+00  -1.1215106e+00  -3.8453727e+00   7.5808657e-01  -7.3471502e-02  -1.0326135e+00  -4.3910259e-01   1.5767488e+00  -1.3249990e+00
   7.1308264e-01   2.6476622e+00   2.9751183e+00   4.3092560e-01  -7.4118636e-01  -2.3154038e+00   3.5382966e-01   1.4564240e-01  -1.6764437e+00  -1.1801050e+00   8.1089915e-01  -3.9833557e-01
   6.6661432e-03   1.7258410e+00   3.1158480e+00  -5.9643845e-01   1.7801781e+00  -9.1550340e-02   2.3718080e-02  -8.8980066e-01  -8.5342976e-01  -1.9346952e-01   4.0176621e-01  -2.4887689e+00
   4.0719636e-01   3.1483538e+00   2.3153159e+00  -1.0358640e+00   1.1954630e+00  -1.0460848e+00  -8.8649350e-01   6.1035238e-01  -3.1670250e-01   3.8412043e-01   6.1716684e-01  -1.9361976e+00
   2.2085237e+00   2.5543345e+00   2.3274338e+00  -1.6277246e+00   2.2355212e+00  -1.6358755e+00  -4.5541999e-01  -2.6683902e-02  -7.6987784e-01  -2.4877047e-01   1.1457810e+00  -2.0637815e+00
   2.0019826e+00   3.3064647e+00   1.9219343e+00  -1.6230256e+00   1.2745833e+00  -2.8077644e+00  -1.2537333e+00  -1.1048586e+00   3.0873388e-01  -3.1551967e-02   1.9952203e+00  -1.7952553e+00
   1.7094824e+00   2.0919776e+00   2.5428603e+00  -1.7249793e+00  -1.5437544e-01  -2.8689625e+00   2.6632556e-01   2.6432393e-01  -1.3402831e+00   2.3503896e-01   1.7870412e+00  -1.9744364e+00
   8.6747244e-01   2.3542865e+00   1.7506855e+00  -4.8536601e-01   6.9378958e-01  -2.1251538e+00   5.9201744e-01   7.3217511e-01  -1.0664865e+00  -8.3416459e-01   5.7162613e-01  -1.6915144e+00
   2.0165093e+00   2.2875553e+00   7.9032385e-01   2.1052962e-01   1.1952992e+00  -8.6541362e-01   3.5176234e-01  -4.8021694e-01  -6.4620990e-01  -1.5935112e+00   8.6953585e-01  -1.1022263e+00
   1.7028677e+00   2.0310414e+00   1.2117462e+00   6.5211600e-02   4.9674367e-01  -7.5385016e-01   3.4300359e-01  -7.9280638e-01  -7.8983116e-01  -8.1510062e-01   7.1252109e-01  -1.7011055e+00
  -3.0776381e+00  -1.9262280e+00   1.3569620e+00  -1.5391745e-01   1.0438957e+00  -2.1835839e+00   7.3872250e-01  -3.2526516e-01  -1.7400646e+00  -1.3239886e+00   1.0342938e+00  -5.1946089e-01
  -4.6943856e-01   1.4443802e-01   3.1873618e+00  -1.6056075e+00   1.6508596e+00  -1.2215334e+00   1.3655308e+00  -1.2433517e+00  -2.5092031e+00  -1.0735228e+00   5.3788171e-01  -4.9639742e-01
   5.2418531e-01   1.3668676e+00   2.5012410e+00  -9.9308965e-01   1.4259268e+00  -1.9509319e+00   4.0461742e-01  -1.5875063e+00  -2.8406982e+00   5.2777784e-01   8.8949000e-01  -1.0168585e+00
   3.9249624e-01   1.4118712e+00   3.3458826e+00  -1.3892494e+00   2.1779584e+00  -1.3222600e+00   5.5875167e-01  -1.8154807e+00  -2.3360054e+00   1.7808445e-01   8.3443789e-01  -3.3383063e-01
   1.1864173e-02   1.0462103e+00   2.0746766e+00  -1.8208248e+00   1.9235935e+00  -2.2505659e-01   1.8750209e-01  -1.3209845e+00  -1.5441359e+00   7.6103832e-02   1.5481897e+00  -9.2782992e-01
  -1.6517371e+00   1.0069129e+00   2.3611235e+00  -1.0131874e+00   2.5081741e+00  -1.4129228e+00   7.4794024e-01  -1.9021744e-01  -1.0372379e+00  -8.5981547e-02   1.1226638e+00  -1.4173636e+00
  -5.4929303e+00   1.8166244e-01   2.0976722e+00  -1.5986863e-01   2.6616030e+00  -7.9319829e-01   1.6226049e-01  -7.7273407e-01  -6.3901530e-01  -1.2863459e+00   5.9450183e-01  -1.4839484e+00
  -7.1357514e+00   5.6424956e-01   2.5597353e+00  -7.4394878e-01   1.7888129e+00  -1.1497382e+00   2.2057338e-02  -1.4496923e+00  -6.7729063e-01  -1.1113573e+00   5.5478693e-01  -1.4579271e+00
  -7.2125533e+00   2.5266748e-01   1.1634789e+00  -1.5744259e+00   1.4972937e+00  -1.4454776e+00  -2.7011646e-01  -1.3179678e+00  -9.3298937e-01  -1.7372524e+00   5.2596305e-01  -6.8442196e-01
  -7.3129963e+00  -1.2963449e-01   1.2560556e+00  -1.0731254e+00   1.6834612e+00  -1.2650157e+00  -6.1212561e-01  -1.2042325e+00  -5.9333627e-01  -1.1750940e+00   3.3217006e-01  -1.1774009e+00
  -7.6758720e+00   4.7797393e-01   1.9803340e+00  -8.5490774e-01   1.8399803e+00  -2.1224472e+00  -8.0788061e-02  -6.9048357e-01   1.0856883e-01  -9.3840467e-01   9.3425770e-01  -6.3827246e-01
  -7.8612187e+00  -2.8818596e-01   2.0531660e+00  -6.4640794e-01   1.4867712e+00  -9.0118548e-01  -7.1438664e-02  -3.5507352e-01  -1.0576971e-01  -1.0292492e+00   8.7451343e-01  -1.0501895e+00
  -6.7936710e+00  -7.5872139e-01   1.3965917e+00  -1.4939822e+00   1.6236595e+00  -5.7246364e-01   4.0144350e-01  -3.8027899e-01   2.8137461e-01  -1.2634101e+00   4.1285423e-01  -9.8278919e-01
  -6.0967867e+00  -1.7920527e+00   5.7071385e-01  -1.4097113e+00   6.2997153e-01  -1.3722454e+00   3.9648449e-02  -8.1825383e-01  -1.0853771e+00  -1.5861009e+00   4.8881847e-01  -7.8259944e-01
  -6.1628353e+00  -2.0386253e+00   3.6584698e-01  -2.1101981e+00   7.4811858e-01  -6.4192525e-01   3.9297710e-01  -1.3812217e-01  -4.4909026e-01  -1.4994890e+00   4.7385050e-01  -5.6176462e-01
  -4.5401163e+00  -1.0789118e+00   1.1003925e+00  -1.2121928e+00   1.3794766e+00  -7.7962572e-01   7.6178291e-01   5.0845607e-01   1.4601746e-01  -1.3837350e+00   5.4210505e-01  -1.0143699e+00
  -1.7040998e+00  -8.6375000e-01   6.6971451e-01  -1.4315009e+00   8.4324131e-01  -1.0820567e+00  -5.6632169e-01  -3.9657073e-02  -5.8801337e-01  -1.2427785e+00   5.0019020e-01  -8.3993402e-01
  -6.6732672e-01  -6.4428682e-01  -2.8107337e-01  -1.2129527e+00   1.9578468e-01  -6.0930305e-01   1.8342008e-01   4.3398825e-01   3.1356342e-01  -1.2070519e+00   8.2958382e-01  -4.5098739e-01
  -8.1321487e-02   6.3914269e-01   1.6216259e-01  -6.6733225e-01   5.1503615e-01  -5.5712470e-01  -8.2684694e-02  -4.2232621e-01  -7.3848595e-01  -1.6744513e+00   7.5306223e-01  -2.3455522e-01
  -7.2326611e-01  -8.3328813e-02  -1.2884992e-01  -8.9515333e-01   4.7872885e-01  -7.9087122e-01  -4.2706109e-01  -4.0459544e-01  -5.0498335e-01  -8.6141095e-01   7.0841294e-01  -5.4572615e-01
  -5.4562655e-01   5.7795176e-01  -5.5865574e-01  -4.7881517e-01   1.6339146e-01  -1.0420810e+00  -8.8938591e-02  -3.0929677e-02  -3.6888914e-01  -1.5460921e+00   7.7468549e-01  -1.8803073e-01
   8.5061132e-02   2.8233968e-01  -9.1169892e-01  -8.4531181e-01  -1.0952934e-01  -4.0304126e-01   7.8096485e-01   4.2809197e-01  -1.0062818e-03  -9.6886294e-01   6.0513085e-01  -9.4991716e-01
  -3.9613037e-01   7.4009507e-01   1.4059030e-01  -1.5045454e-01  -2.8873797e-01  -7.4212886e-01   4.3112228e-01  -5.6311065e-01  -6.8311878e-01  -1.2190118e+00   3.6351459e-01  -4.1675855e-01
  -7.0310502e-02   3.8208957e-01  -1.6344819e-01  -6.2059498e-01  -3.5345802e-01  -6.5698578e-01   6.9525693e-01  -2.6309929e-01   1.6805146e-01  -2.2914642e-02   1.0687775e+00  -7.5046167e-01
  -1.9343353e-01   2.2539523e-01  -2.4597661e-01   1.9803006e-01   8.0231236e-02  -1.7585191e-01   6.9488493e-01  -1.0084117e-01  -2.0523778e-01  -6.2338104e-01   4.7430137e-01  -1.1556815e+00
  -5.4029305e-01   6.7385850e-01  -7.7059071e-01  -9.2927087e-01  -2.9044705e-01  -4.9646393e-01   1.3314659e+00   3.9387645e-01  -2.8163000e-01  -6.3626829e-01   6.5279574e-01  -7.8524073e-01
  -1.0226930e+00  -1.5707116e-01  -5.7691283e-01  -3.4190258e-01  -3.6426275e-01  -1.0579049e+00   7.8067308e-01  -2.6973412e-01  -9.1574659e-02  -4.7708826e-01   7.8140372e-01  -7.3670551e-01
  -1.0559540e+00   5.4889935e-01  -3.9140911e-01  -5.9860102e-01  -2.2028488e-01  -8.1161826e-01   1.4045698e+00   7.7877880e-01   1.1848871e-01  -4.2024697e-01   7.3714928e-01  -7.5801222e-01
  -7.6068079e-01   2.3300993e-01  -6.5907662e-01  -5.8773625e-02   8.5110024e-01  -4.8147249e-02   9.2691413e-01  -2.5827318e-01  -4.3274828e-01  -3.3688851e-01   8.2551765e-01  -6.8045688e-01
  -3.6723857e-01   7.3696382e-01  -6.9943207e-02  -1.0969639e-01   3.3747763e-01  -3.6892111e-01   1.1382852e+00   1.8519808e-01  -1.6860813e-01  -3.6232830e-01   6.7361564e-01  -1.1267174e+00
  -1.6328954e+00   2.7315456e-01   1.4878494e-02  -2.6859807e-02   3.9350764e-01  -3.4823121e-01   1.3674412e+00   1.3099791e-01  -4.6149561e-01  -9.4794516e-01   7.5289264e-01  -6.2810332e-01
  -3.5238707e-01   8.8205405e-01  -3.7774337e-01   5.2217202e-02   5.3714900e-01  -4.7754063e-01   7.5987754e-01  -4.1277596e-01  -4.8440100e-01  -8.7910671e-01   3.6912730e-01  -9.8629354e-01
   4.1519992e-01   6.9550195e-01  -1.0426376e+00  -8.9175459e-02  -1.9764788e-01  -1.1637996e+00   4.8534366e-01  -9.2210799e-02   1.0294086e-01  -1.5568592e-01   1.1439436e+00  -4.3250461e-01
  -3.1969000e-01   8.5133587e-01  -1.5877209e-01  -2.5140676e-01  -1.9338337e-01  -1.3215336e+00   4.8032254e-01   5.9215370e-01  -3.4939056e-01  -9.1106702e-01   4.3500245e-01  -7.1249609e-01
   9.0916934e-04   1.1273824e+00  -8.9007002e-01  -5.3996536e-01   5.6220942e-01  -9.5922166e-01   9.3639125e-01   2.0346723e-01  -3.0481719e-01  -5.5057471e-01   8.2131017e-01  -5.4933257e-01
  -6.8283401e-01   1.6409004e-01  -1.0504404e+00   7.7199679e-02   3.6731849e-01  -6.3195748e-01   6.4122019e-01  -6.1181848e-01  -9.7255340e-01  -9.3325139e-01   7.1785218e-01   7.0491347e-02
  -5.2988884e-01   4.3295611e-01  -1.4515415e+00  -3.6192881e-01   1.2050066e-01  -5.6678651e-01   1.0947807e+00   1.7353052e-01  -7.7843409e-01  -1.0856717e+00   4.2486891e-01  -7.4347197e-01
  -1.4070038e+00   1.4735452e-01  -1.1554645e+00   6.4400829e-02  -4.8129647e-02  -9.6924969e-01   1.8621919e-01  -3.7025328e-01  -7.1478248e-01  -7.2485015e-01   3.5872554e-01  -6.2639652e-01
  -8.3201152e-01   5.8353671e-01  -1.0309716e+00   1.1666928e-01   2.1285396e-01  -4.4827775e-01   8.3485994e-01   1.9420222e-01  -5.8097316e-01  -7.1840377e-01   4.3316336e-01  -5.8482268e-01
  -7.4003280e-01   1.5101849e-01  -1.4021645e+00  -2.8493401e-01   2.9174039e-01  -7.0861083e-01   9.8215422e-01   3.4497143e-01  -2.4190335e-01  -6.2003518e-01   1.0257925e+00   2.4146741e-01
  -3.5852585e-01   6.8210261e-01  -1.3735271e+00  -1.6987156e-02  -1.1346614e-03  -8.2792147e-01   6.6518842e-01   3.2831425e-02  -2.8075955e-01  -3.2070207e-01   8.6473039e-01  -3.4922608e-01
  -1.0326060e+00   3.6132530e-01  -1.4107720e+00   4.6548222e-02   3.0270729e-01  -1.0377396e-01   7.0010822e-01   4.5470997e-01  -3.1475091e-01  -6.0733372e-01   1.3483067e-01  -7.5200898e-01
  -2.3464034e-01   1.2705234e+00  -3.8926635e-01   3.9592759e-01   7.1000992e-01  -5.6431326e-01   3.5219336e-01  -7.7983556e-02  -8.3949837e-01  -8.5159435e-01   5.5701350e-01  -7.9935931e-01
  -1.8584584e+00   1.0621972e+00  -7.1681854e-01   2.6811595e-02   7.5094750e-01  -1.7669397e-01   1.5727753e-01  -3.4649004e-01  -6.1903144e-01  -6.5727215e-01   7.1075778e-01  -5.0369259e-01
  -1.7245098e+00   1.5918318e+00  -6.7245399e-01   3.4947920e-01   1.3450522e+00  -2.6559488e-01  -4.0648632e-01   6.2546281e-01  -7.3283320e-01  -8.2489659e-01   4.9983133e-01  -7.0381857e-01
  -3.8783998e+00   1.9467503e+00   6.8381072e-02  -4.6278120e-01  -2.5210906e-02  -1.6859004e-01  -8.0539671e-01   1.7771541e-01  -8.1044779e-01  -8.4394484e-01   4.7349415e-01  -5.0512986e-02
  -3.7671191e+00   1.5423547e+00  -8.6939009e-01  -3.1159564e-01   6.8117240e-01  -2.7170048e-01  -5.9017014e-01   7.0562974e-01  -8.6812317e-01  -8.6627227e-01   2.4896260e-01  -7.9555956e-01
  -2.2020024e+00   1.3448527e+00  -3.3288360e-01  -1.0521047e-01   6.7007268e-01  -1.0150627e+00   4.3904372e-02   9.3471980e-01  -5.1622121e-01  -1.2714517e+00   1.4978482e-01  -8.4890200e-01
