  -6.9151110e-01   2.0419016e-01  -1.5155845e+00   1.8629521e-02   4.8094577e-01  -5.6884087e-01   2.4127857e-01   3.9113351e-01  -3.9340373e-02  -5.8377530e-01   3.0489188e-01  -5.3121052e-01
  -1.2860021e+00   4.0436803e-01  -1.5648772e+00  -7.0102950e-01  -5.4931852e-01  -9.2115490e-01   2.1313951e-01   2.1921405e-01  -8.3301002e-02  -3.1405819e-01   3.5866255e-01  -7.4741135e-01
  -1.9237663e-01   6.2602595e-01  -4.2615996e-01  -9.5377534e-02   1.1813387e-01  -1.1353054e+00   4.7922871e-01   2.5070269e-01  -2.9638051e-01  -7.3644508e-01   4.0741351e-01  -6.6596829e-01
  -4.4767413e-01   4.5884966e-01  -7.3216349e-01  -2.5175730e-01   3.2059746e-02  -1.1917228e+00  -1.1806158e-01  -6.5739276e-01  -1.0823474e+00  -1.1881969e+00   6.2282508e-02  -8.7373728e-01
  -9.4452604e-01   8.0213807e-01  -5.9871160e-01  -3.3637698e-02  -1.5919067e-01  -1.3125907e+00   1.6971375e-01   9.6930267e-02  -2.6589070e-01  -4.3547541e-01   3.1960610e-01  -7.4665814e-01
  -7.6528450e-01   1.2736360e+00  -3.5766651e-01   8.8956814e-02   2.3129172e-01  -3.0565353e-01   7.1724281e-01   6.6403565e-01  -4.9436869e-01  -9.7151679e-01   6.9587667e-01  -2.7115581e-01
  -1.2844579e+00   4.1065256e-01  -8.5750368e-01  -2.7639171e-01   2.0841562e-01  -4.1361518e-01   8.5788398e-01   4.7347551e-01  -3.9216742e-01  -6.8709324e-01   8.6472304e-01  -8.2900275e-01
  -2.3058251e-01   9.9553600e-01  -8.1004932e-01  -1.0902410e-01   3.3742372e-01  -2.5321724e-01   3.9536335e-01   5.8565740e-01  -3.3136086e-01  -5.0449509e-01   7.3368253e-01  -9.1065813e-01
  -3.9745326e-01   6.4557516e-01  -1.8364244e-01  -8.7559286e-02   1.6678866e-01  -4.1831978e-01  -3.8556805e-02   1.4209030e-02  -1.3133342e-01  -2.4679852e-01   1.0091535e+00  -1.0278874e+00
  -6.8386406e-01   5.2531455e-03  -1.3565356e+00  -9.4467524e-01  -4.4314200e-01  -8.2282618e-01   4.8470086e-01  -1.1295114e-02  -4.5821097e-01  -6.6883254e-01   1.0061320e+00  -6.2492806e-01
  -1.0306616e+00   4.5192839e-01  -1.3025560e+00   4.5238461e-01   5.0897002e-01  -4.1414477e-01   1.4445194e-01   3.5753307e-02  -4.1333968e-01  -2.9585168e-01   7.0029072e-01  -6.1100181e-01
  -6.3921343e-01   7.5320712e-01  -1.0755362e+00  -3.7944963e-01   2.8385219e-01  -8.6624888e-01   2.6704695e-01  -9.6392528e-02  -3.3732098e-01  -9.6534996e-01   5.1855497e-01  -1.0249271e+00
  -1.0807426e+00   6.8010699e-01  -1.0314694e+00  -6.0262256e-01   4.7083263e-01   1.2454295e-01   5.8029578e-01  -2.3782186e-01  -6.5226887e-01  -9.1348756e-01   2.5764065e-01  -3.0706097e-01
   8.1841081e-02   9.3100343e-01  -8.4137405e-01  -1.6581683e-01   3.0584365e-01  -2.6011295e-01   2.2937312e-01  -1.6863848e-01  -7.2759899e-01  -5.3412954e-01   9.1604277e-01  -5.8335636e-01
  -6.4294270e-02   1.0518121e+00  -4.1044964e-01   4.5356623e-02   4.9377678e-01   2.4730885e-01   9.3259258e-01   5.3602333e-02  -4.4043540e-01  -7.0709892e-01   5.5034795e-01  -6.8250098e-01
  -2.3609103e-01   1.2531199e+00  -5.0166511e-01   2.8523730e-01   2.8687997e-01  -6.1946392e-01   3.6461949e-01   6.3930795e-02  -1.6221214e-01  -4.6285456e-01   6.6983857e-01  -3.4154339e-01
  -7.3739450e-01   7.3610146e-01  -1.1359768e+00  -3.7932972e-01   5.6268574e-01  -3.4514379e-01   9.6757161e-01   3.8424959e-01  -1.3830217e-01  -3.2097191e-01   7.1694478e-01  -1.8901602e-01
  -4.1197052e-01   6.2667662e-01  -1.0574742e+00  -1.9969539e-01   2.6920661e-01  -2.0675630e-01   6.9780510e-01   6.4737452e-01   2.1888487e-01   1.1061764e-01   9.9782550e-01  -5.2258325e-01
  -4.4335135e-01   7.1298575e-01  -7.9369203e-01  -1.1497636e-01  -1.3213462e-01  -4.1796653e-01   4.9262315e-01  -2.4521611e-01  -6.3550325e-01  -7.0508541e-01   5.0401506e-01  -1.5003421e+00
  -1.5797697e+00  -3.0508784e-01  -7.7513456e-01  -7.0198772e-01  -2.6140501e-01  -3.7131324e-01   6.9700334e-01   3.7639218e-02  -8.4192775e-01  -4.1022150e-01   4.5749543e-01  -9.6656926e-01
  -1.1962795e+00  -1.2247935e-02   1.2098996e+00  -4.1138674e+00  -1.0829646e+00  -3.6332445e+00   8.1319435e-01   8.6450217e-01  -5.3973293e-01   8.4060100e-02   2.1951060e+00  -9.3828883e-01
  -1.3166217e-01   1.6957775e+00   2.8976100e+00  -1.9369550e+00   2.2205182e-01  -2.6510890e+00   7.1867779e-01   1.0177407e+00  -6.9967042e-02   1.9573818e-04   1.6502438e+00  -9.4329327e-01
   1.9426170e+00   2.4022314e+00   3.4464515e+00  -1.0305238e+00  -9.6652878e-01  -3.1750167e+00  -3.1927816e-01   2.2805017e-01  -7.5283603e-01  -7.3296996e-03   1.5999344e+00  -1.2682169e+00
   1.8495455e+00   1.8329302e+00   3.8159923e+00  -9.9869603e-01  -9.3031633e-01  -4.0936123e+00   6.9228343e-01   5.6952674e-01  -3.3045469e-01  -5.1024264e-01   1.3141010e+00  -1.8404926e+00
  -3.9224909e-01   2.6936332e+00   1.9807127e+00  -6.4701813e-02   8.1419430e-01  -2.8692110e+00   7.2593723e-01   5.1851320e-01  -1.1305179e+00  -1.0842993e+00   2.0118962e-01  -9.0343393e-01
   1.1601836e+00   1.6175250e+00   6.9563843e-01   2.9063766e-01   5.6045275e-01  -2.0360672e+00  -6.8095969e-01   3.7105289e-01  -1.0306293e+00  -1.2073525e+00   7.4056792e-02  -1.2595229e+00
  -1.5414735e+00  -3.3605830e+00  -3.4526946e-01   3.0874729e-01   2.9277980e+00  -3.6146245e+00   8.8130231e-02   2.3274119e-01  -5.2771834e-01  -5.0220108e-01   1.1289012e+00  -1.2849260e+00
  -7.8528058e-01   2.7624203e-01   2.5557790e+00  -5.1103218e-01   3.2391972e-01  -3.4584291e+00   1.0028358e+00   4.0084185e-01  -1.1035702e+00  -4.1064276e-01  -5.8957275e-02  -1.1463381e+00
   2.1125471e+00   1.7503244e+00   2.9579672e+00  -1.2618609e+00  -1.6101326e-01  -3.8787601e+00   8.1106525e-01  -5.3754548e-01  -1.0551291e+00  -1.9268991e-01   7.8984110e-01  -1.5361441e+00
   1.6514096e+00   3.3172636e+00   3.0657827e+00  -1.1538810e+00  -1.5798678e-01  -3.9467332e+00   5.6542152e-01  -3.3639988e-01  -1.4305395e+00   2.4524067e-01   1.2515293e+00  -1.6823968e+00
   4.9507608e-01   3.7844106e+00   2.8591299e+00  -2.0038811e-01   2.3520025e-01  -2.1527730e+00   1.2400605e+00   1.4983894e-01  -8.2396321e-01  -8.5195147e-01   7.7437585e-01  -8.7440235e-01
   9.3156649e-01   2.2022649e+00   2.8941628e+00  -3.7891182e-02   1.8267680e+00  -5.5892398e-01  -4.1656599e-01   1.1063107e-01  -9.9729420e-01  -3.6948723e-02   4.7563113e-01  -2.1213044e+00
   1.9779063e+00   2.8810881e+00   2.2691441e+00  -9.2905197e-01   1.3416169e+00  -9.4502696e-01  -1.1114907e+00   4.8222054e-02  -8.7680773e-01   3.5835530e-01   9.8029706e-01  -2.1789508e+00
   2.2929286e+00   3.9501643e+00   2.2186211e+00  -1.7431376e+00   1.4797441e+00  -2.5057274e+00  -4.2474734e-01  -1.1289421e+00  -2.2806013e-01   1.7882342e-01   1.5106928e+00  -2.2034018e+00
   1.9839703e+00   3.2777567e+00   2.7417353e+00  -1.6459254e+00   3.4640414e-01  -2.6819505e+00   2.9589211e-01  -2.5133131e-01  -1.1275257e+00   4.1072191e-01   1.6526221e+00  -2.3775946e+00
   1.4075401e+00   3.0295745e+00   2.1057162e+00  -1.3503241e+00  -4.6843385e-01  -2.9225993e+00   1.3696911e+00   3.5744731e-01  -1.9658947e+00   2.7608152e-01   1.5893752e+00  -1.9786891e+00
   3.2684154e-01   2.3579466e+00   1.1988323e+00   9.9985452e-01   3.2266779e-01  -1.5569882e+00   1.0840776e+00   4.3418993e-03  -1.3214085e+00  -1.4472846e+00   3.5697527e-01  -1.5876018e+00
   2.9001919e+00   2.4767221e+00   1.6199995e+00   5.9803588e-01   6.6613618e-01  -1.3102220e+00   5.2658325e-01  -2.6387696e-01  -9.4089198e-01  -6.3580709e-01   5.5585472e-01  -1.2365158e+00
   1.5148117e+00   1.9352067e+00   1.3901223e+00   9.0343038e-01  -2.9098738e-01  -1.7615944e+00   2.9634434e-01  -1.7981955e-01  -1.1063697e+00  -1.0520351e+00   1.2386954e-01  -6.3356153e-01
  -2.3994439e+00  -4.7385492e-01   1.2353049e+00  -9.7263270e-02   7.8803658e-01  -2.5286927e+00   1.0785400e+00  -2.2678715e-01  -1.6825515e+00  -1.3867084e+00   3.6709505e-01  -1.0724248e+00
   4.3968129e-01   3.1174850e-01   3.2686415e+00   3.0006024e-01   1.8161529e+00  -1.5169954e+00   7.4129149e-01  -2.0051946e+00  -2.8015630e+00   1.1846022e-01   9.4573710e-01  -7.4141915e-01
   9.4287963e-01   6.2811396e-01   2.1132696e+00  -5.2854285e-01   1.9579448e+00  -1.5546159e+00   5.7201968e-01  -1.3034120e+00  -2.7853925e+00   4.6206467e-01   1.0454667e+00  -1.0463950e+00
   7.3602850e-01  -1.1240414e-01   2.5432662e+00  -9.9973346e-01   2.2934255e+00  -6.7459128e-01   2.9861386e-01  -1.5852192e+00  -2.1423775e+00   3.9146656e-01   1.3391175e+00  -7.4007446e-01
  -4.6483065e-01   9.7987766e-01   2.3350140e+00  -8.7615721e-01   2.3234203e+00  -8.4518511e-01   1.2533905e+00  -1.5924946e+00  -1.2526354e+00  -3.8577582e-01   1.4916716e+00  -1.0668888e+00
  -2.8437410e+00   2.8760358e-01   1.7211137e+00  -2.2306387e-01   2.5857435e+00  -5.8048774e-01   6.9540170e-01  -1.2029662e+00  -6.0702237e-01  -5.7895553e-01   1.7304696e+00  -5.6994249e-01
  -6.2866625e+00  -5.4098963e-01   1.2828497e+00   1.6173505e-01   3.0915839e+00  -1.0387833e+00   5.0476550e-01  -7.7418676e-01  -4.6946483e-01  -1.0822561e+00   1.0992513e+00  -1.8817856e+00
  -7.1187268e+00   2.9352255e-01   2.3167331e+00  -3.1714106e-01   1.7149726e+00  -1.4269286e+00  -2.0278138e-01  -1.7563024e+00  -1.0817748e+00  -1.0132215e+00   5.6663136e-01  -1.1899935e+00
  -7.7998795e+00   2.8260924e-01   2.6461370e+00  -8.1315190e-01   1.6414040e+00  -1.8983984e+00  -1.9591730e-01  -1.2444830e+00  -3.6311712e-01  -1.7732760e+00  -5.6185575e-02  -1.1256438e+00
  -8.4755058e+00  -7.8340217e-01   2.2744417e+00  -6.4332373e-01   1.5163062e+00  -1.3866271e+00   4.0407722e-01  -1.4810705e+00  -1.1814283e+00  -1.7935462e+00   6.6731420e-02  -9.3461726e-01
  -7.6285078e+00  -1.1296557e+00   1.4958323e+00  -1.3392564e+00   1.2772502e+00  -1.3958451e+00   2.1114474e-01  -1.3386780e+00  -8.9638146e-02  -1.1705747e+00   8.1979765e-01  -6.9899162e-01
  -6.8830783e+00  -1.5762280e+00   1.4825790e+00  -5.1366592e-01   1.6715983e+00  -7.4598871e-01   6.0549470e-01  -6.8195738e-01  -5.3221702e-01  -1.7225389e+00   5.3443808e-01  -8.3685625e-01
  -5.5180452e+00  -2.2209853e+00   8.3746382e-01  -1.6672356e+00   4.7860784e-01  -1.1512500e+00   3.9198462e-01  -1.0010606e+00  -7.9212694e-01  -1.1280882e+00   1.0351623e+00  -6.5113563e-01
  -1.3498341e+00  -1.1757562e+00   1.3960444e+00  -9.7569937e-01   6.6977047e-01  -1.4610567e-01  -3.1849018e-01  -3.4315678e-01  -1.0340332e+00  -3.2209315e-01   8.4596289e-01  -1.0662143e+00
  -8.5267199e-01  -2.6330341e-01   6.6666999e-01  -8.6680582e-01   3.5033237e-01  -3.1972847e-01  -9.3309642e-01  -4.0436584e-01  -4.6182409e-01  -1.1557950e+00   1.1832267e+00   2.0238793e-02
  -2.8057430e-01   3.5964204e-01   7.3744776e-01  -9.8102776e-01  -8.5981059e-02  -6.1097732e-01  -1.3173295e-01  -6.6499402e-01  -6.7983034e-01  -1.4878277e+00   8.3406286e-01  -4.9961500e-01
  -6.4658335e-01   4.6809469e-02   4.6397314e-01  -6.9889182e-01   4.0847742e-01  -8.5193247e-02  -2.2283800e-03  -2.9811167e-01  -1.5552574e-01  -1.0232861e+00   9.7431433e-01  -7.5521483e-01
  -5.8980393e-01   1.7963819e-02   3.9361126e-01  -1.9922150e-01   1.1888276e-01  -1.1352773e+00   9.3956811e-03  -1.7166699e-01  -1.1419408e-01  -1.2140398e+00   6.2070885e-01  -2.2640898e-01
  -1.5716435e+00  -1.1221795e-01   7.9972702e-03  -4.2214118e-01   4.1769908e-01  -5.2310321e-01   6.3314072e-02   1.1164855e-01  -8.0625143e-02  -1.2994121e+00   9.8364612e-01  -5.8588522e-01
   7.2991420e-02   7.1289066e-01   3.4744828e-01   1.9673182e-01   9.8899031e-01  -3.0140226e-01   4.7415358e-01  -2.4289432e-01  -1.9968585e-01  -1.1199960e+00   8.1956392e-01  -1.3595873e-01
   6.7866755e-02   4.9470182e-01  -2.2701136e-01   2.2060971e-01   4.3275568e-01  -3.5719844e-01   6.8553250e-01  -1.5600402e-01  -6.5470545e-03  -4.1058428e-01   6.6535353e-01  -1.0246660e+00
  -8.6844256e-01   2.2869660e-03  -7.3532538e-01  -2.1640738e-01   1.6267286e-01  -1.0248439e+00   4.5846962e-01   8.5907169e-02  -7.5138526e-01  -1.1527095e+00   3.9094141e-01  -9.6720659e-01
  -1.5636303e+00  -2.0535334e-01   6.3736373e-01  -8.4527204e-01   1.9611488e-01  -1.1414571e+00   1.1836174e-01   4.5978765e-01  -5.3780274e-01  -1.0202495e+00   1.1412627e+00  -1.4682899e+00
  -8.0818544e-01   8.0473855e-01  -1.9506279e-03   2.0121490e-01   4.3156701e-01  -6.4158945e-01  -2.9302095e-02   2.7770535e-01  -1.9774675e-01  -9.5404318e-01   7.2484146e-01  -5.0133082e-01
  -1.8343291e+00   1.8723106e+00  -8.9600445e-01  -6.2519963e-02  -1.5784631e-01  -9.7020684e-02   1.6714395e-02   2.8156026e-01  -4.2175435e-01  -8.4269191e-01   1.2319249e+00  -3.8993172e-01
  -1.2259252e+00   7.7860866e-01   2.1975374e-01  -8.7856070e-02  -2.6273103e-01  -2.4658271e-01   9.8350925e-01   4.5560100e-01  -3.1284926e-01  -9.1172801e-01   7.8927152e-01  -6.0209327e-01
  -1.4050746e+00   3.6496514e-02   6.4205959e-02  -5.4387153e-01   3.6943154e-01  -6.4713773e-01   4.8161741e-01   2.0600260e-01  -2.3865931e-02  -4.2206775e-01   8.7305723e-01  -8.0565390e-01
  -1.4350733e+00   1.0230008e-01  -6.9693291e-02  -8.8309647e-01   3.4961915e-01  -7.4880344e-01   2.9651518e-01   3.2908013e-01  -4.2530252e-02  -8.4331759e-01   1.2910537e+00  -3.0340889e-01
  -1.6728753e+00  -1.4269659e-01  -2.6109806e-01  -1.2048665e+00   4.8385817e-02  -1.5692801e+00  -5.9247272e-02  -6.5457225e-02  -7.8879600e-01  -9.1669536e-01   7.8609574e-01  -2.8035488e-01
  -1.0583162e+00   8.8661433e-01  -1.6174033e-01  -6.7913462e-01  -7.5349369e-02  -7.5970984e-01   1.0819868e+00   4.8076681e-01  -3.1644560e-01  -6.9310774e-01   1.0488453e+00  -4.9351663e-01
  -3.0703968e-01   1.0428522e+00  -1.6167518e-02  -7.0407168e-01   6.1228734e-01  -4.8297484e-01   8.7292398e-01  -9.5731121e-02  -7.6793104e-01  -5.8143684e-01   8.1432250e-01  -8.1292760e-01
  -1.2509334e+00   3.0608782e-01   7.9030844e-01  -5.6171920e-01   3.3808766e-01  -8.7683226e-01   1.4760028e-01   9.0968310e-01   1.1193703e-01  -9.3085260e-01   5.6549138e-01  -4.2385768e-01
  -8.3735307e-01   6.4434941e-01   4.0692189e-01   3.9039895e-02   8.4327367e-01  -3.0212742e-01   4.0097953e-01  -4.0015064e-01  -1.1127140e-02  -6.5058565e-01   2.2912067e-01  -1.0253530e+00
  -1.9099329e+00   1.9995771e-01   7.5039349e-01  -5.0972377e-01   2.1225478e-01  -1.1793097e+00  -3.7432343e-01   1.1252351e-01  -8.4560002e-01  -1.2589619e+00   9.7016144e-01  -4.9381640e-01
  -2.1002939e+00   5.3818784e-01  -3.3213600e-01  -9.0656971e-01   2.3289716e-01  -3.0547358e-01  -1.2108549e-01   1.3234514e-01  -6.0572421e-01  -9.1516539e-01   6.0835863e-01  -8.6061418e-01
  -1.3867079e+00   1.1008527e+00   2.6193115e-01  -3.3719453e-01   5.5627854e-01  -8.3107070e-01   1.5270788e-01   3.5431988e-01  -2.4752072e-02  -1.9716638e-01   1.4359035e+00  -3.0977825e-01
  -1.5099284e+00   6.8957274e-02  -1.0264659e+00  -8.3049263e-01   8.4430471e-02  -8.0908265e-01   6.8649356e-01   1.3532714e-01  -3.5440902e-01  -1.1902167e+00   3.2579289e-01  -7.9007892e-01
  -6.1352641e-01   4.1348230e-01  -7.5954793e-01  -2.0356255e-01   7.2507728e-02  -6.8934830e-01   2.6995694e-01  -2.9607118e-01  -7.8045802e-01  -6.6100835e-01   6.5500169e-01  -4.2320324e-01
  -9.7197709e-01   2.5917714e-01  -1.1134506e+00  -3.1784698e-01  -2.0798873e-01  -8.0211598e-01   3.2478576e-01   1.5914685e-01  -7.5304396e-01  -1.2862127e+00   6.3540437e-02  -6.5746048e-01
   2.8302433e-01   1.4229358e+00  -7.5347052e-01  -1.1776354e-01   3.7887108e-02  -9.3423048e-01  -2.1467300e-02   5.0080968e-01  -1.2250951e-01  -2.3215408e-01   9.3898654e-01  -7.2084196e-01
  -1.8584584e+00   1.0621972e+00  -7.1681854e-01   2.6811595e-02   7.5094750e-01  -1.7669397e-01   1.5727753e-01  -3.4649004e-01  -6.1903144e-01  -6.5727215e-01   7.1075778e-01  -5.0369259e-01
  -1.7245098e+00   1.5918318e+00  -6.7245399e-01   3.4947920e-01   1.3450522e+00  -2.6559488e-01  -4.0648632e-01   6.2546281e-01  -7.3283320e-01  -8.2489659e-01   4.9983133e-01  -7.0381857e-01
  -3.8783998e+00   1.9467503e+00   6.8381072e-02  -4.6278120e-01  -2.5210906e-02  -1.6859004e-01  -8.0539671e-01   1.7771541e-01  -8.1044779e-01  -8.4394484e-01   4.7349415e-01  -5.0512986e-02
  -3.7671191e+00   1.5423547e+00  -8.6939009e-01  -3.1159564e-01   6.8117240e-01  -2.7170048e-01  -5.9017014e-01   7.0562974e-01  -8.6812317e-01  -8.6627227e-01   2.4896260e-01  -7.9555956e-01
  -2.2020024e+00   1.3448527e+00  -3.3288360e-01  -1.0521047e-01   6.7007268e-01  -1.0150627e+00   4.3904372e-02   9.3471980e-01  -5.1622121e-01  -1.2714517e+00   1.4978482e-01  -8.4890200e-01
