  -1.6493425e-02   1.1373460e+00  -6.8610622e-01  -2.3410777e-01  -3.8912711e-01  -9.6100663e-01   6.0439169e-01   2.0185520e-01  -1.8878771e-01  -4.7260075e-01   7.2897199e-01  -2.7151232e-01
  -1.1241317e+00   2.1814662e-02  -1.4289160e+00  -4.0783932e-01   3.8697549e-02  -2.5151212e-01   9.1468592e-01   2.1410411e-01  -7.7823676e-01  -1.1835293e+00   3.7439347e-01  -1.1511109e+00
  -3.5104306e-01   1.0861568e+00  -3.2579122e-01  -5.2908441e-01  -8.0461764e-02  -4.6514393e-01   6.2108137e-01   6.5515879e-02  -2.0873108e-01  -8.8040190e-01   1.1413220e+00  -2.6877275e-01
  -1.2839378e+00   4.4050520e-01  -9.9705925e-02  -2.1179351e-01   2.8221208e-01  -7.9894490e-01   3.8116366e-01  -7.9784288e-02  -5.4818355e-01  -2.1841296e-01   8.6001971e-01  -6.5123898e-01
  -1.4456632e+00   7.3184862e-01  -3.2291747e-01  -1.1925239e+00  -4.4292470e-01  -4.7648045e-01   7.1519239e-01   9.3556453e-02  -9.8698556e-01  -9.8619365e-01   8.7270029e-01  -2.5911137e-01
  -1.0306779e+00   1.1746401e+00  -3.0576051e-01  -7.8434158e-01   3.3941757e-01  -1.3618605e-01   8.1081730e-01   3.2692223e-01  -3.9042369e-01  -2.9004353e-01   1.0348762e+00  -4.0988356e-01
  -5.1870201e-01   1.1748320e+00  -6.3229986e-01  -4.1652108e-01  -2.3333386e-01  -1.1095844e+00   6.0384100e-01   4.8407393e-01   2.9333719e-02  -1.5527366e-01   1.0200269e+00  -7.5793172e-01
  -6.7086514e-01   6.0843513e-01  -1.1899131e+00  -6.2091053e-01  -3.7075992e-01  -7.9228373e-01   2.6554711e-01  -1.3252992e-01  -1.0482162e-01  -1.0878307e+00   3.9231038e-01  -8.6798853e-01
  -6.8841009e-01   1.2078052e+00  -6.8168946e-01  -3.2202237e-01  -8.5264333e-02  -1.1346139e+00   2.4869445e-02   5.6578216e-02  -7.7714587e-01  -3.3169474e-01   1.2251793e+00   2.3938789e-01
  -7.9249199e-01   9.6661034e-01   2.5025547e-02   2.0661745e-01  -2.3018223e-01  -4.9106975e-01   4.0002387e-01  -5.7457436e-02   2.3604784e-01  -2.2257942e-01   1.2111382e-01  -1.0296898e+00
  -6.9373838e-01   8.5420847e-01   1.2174048e-01   2.7478136e-01   7.2984652e-02  -2.7707723e-01   9.6429329e-01  -6.3685844e-01  -9.2734626e-01  -8.3419595e-01  -6.6955089e-02  -8.8943004e-01
  -8.9530813e-01   2.3626776e-01  -4.9994884e-01   7.7476020e-01   2.2605942e-01  -4.2198061e-01   1.0061725e+00  -4.3086428e-01  -7.0895133e-01  -5.6440632e-01   9.7956744e-02  -1.0221812e+00
  -7.4159530e-01   1.1527604e-01  -4.8213356e-01  -1.7841212e-02  -4.4319890e-01  -5.0739201e-01   8.4181182e-01   2.8177886e-01  -6.5230434e-01  -6.5684918e-01   3.6072999e-01  -9.3568367e-01
  -8.1202941e-01   3.4114232e-01  -1.0953787e+00  -3.3857458e-01  -6.2048246e-01  -7.6473613e-01   6.0279043e-01  -7.2706629e-02  -6.8954845e-01  -4.1265920e-01   5.1150982e-01  -8.6981911e-01
  -9.6665726e-01   5.7646872e-01  -4.2990709e-01   5.8752906e-02  -1.9401026e-01  -5.8498724e-02   1.0830362e+00   5.9906656e-01   2.5238799e-02   1.2584025e-01   5.9341395e-01  -8.1269740e-01
  -9.0657232e-01   2.1287900e-01  -5.7261158e-01   5.3097553e-01  -1.7777367e-02  -3.2754659e-01   5.0761688e-01   3.9593080e-01   5.8566401e-02   4.1409807e-02   6.1218402e-01  -8.2874167e-01
  -8.2426118e-02   1.0781970e+00   2.3648297e-02  -1.9817074e-01   2.9688780e-02  -6.5880474e-01   8.8043868e-01   5.1511583e-01   4.2808750e-02  -7.1322511e-02   5.3115374e-01  -8.2675725e-01
  -8.9428277e-01   4.2599458e-01  -1.9413303e-01   4.8691525e-01   5.8010000e-01  -3.8532796e-01   6.7581245e-01   3.6787013e-01  -2.8469453e-01  -4.3958947e-01   4.0101906e-01  -9.1485519e-01
  -1.4422009e+00  -3.6793743e-02   1.4455641e+00  -2.9394442e+00  -1.4034578e+00  -2.7453819e+00   5.0581860e-01   6.8881315e-03  -1.1539500e+00   2.0541589e-01   1.3726967e+00  -9.7652507e-02
   8.0731200e-01   2.2178779e+00   2.4001893e+00  -1.9617133e+00  -3.9703800e-01  -3.6383035e+00   8.5171362e-01  -3.0788730e-01  -7.2424382e-01  -2.7895381e-01   2.1427601e+00  -1.2611144e+00
   9.1441347e-01   3.1311618e+00   3.5771591e+00  -8.7598209e-01   6.2145424e-02  -3.5730186e+00   1.7465845e-01  -6.3886800e-02  -1.7655557e+00  -3.5338260e-01   1.6042417e+00  -8.2197141e-01
   2.0863059e+00   1.8726801e+00   4.1380677e+00  -1.1934424e+00  -1.3848958e+00  -3.2834175e+00   1.0416457e-01  -9.5951545e-02  -6.2883352e-01  -5.6035643e-02   1.7674107e+00  -1.1344076e+00
   8.9182029e-01   2.5001818e+00   3.0222829e+00  -1.1516479e+00  -1.4285653e+00  -3.2653309e+00   1.3347384e-01   5.7157271e-01   2.5866051e-01   9.6099945e-02   8.7214986e-01  -1.5261880e+00
   1.3954618e+00   1.9372612e+00   2.7282937e+00  -6.1731497e-01   4.8515653e-01  -4.3332414e+00   9.9505116e-01   1.1736113e+00  -6.3118428e-01  -9.2178174e-01   7.9177942e-01  -8.9562971e-01
   1.6857730e-01   3.3241986e-01   9.1331503e-01   6.0812008e-01   1.3034282e+00  -2.3087664e+00   2.2363620e-01   7.5265688e-01   4.0630422e-02  -2.5527422e-01   3.9747150e-01  -8.5050236e-01
  -3.6488189e+00  -1.0842883e+00   1.0641936e+00  -9.1643668e-01   8.8353633e-01  -2.0962163e+00   7.6804485e-01   8.8267474e-01  -5.4504574e-01  -2.9030146e-01   9.5755440e-01  -9.4163219e-01
   2.7014525e+00   1.7166693e+00   2.5802056e+00  -6.6714156e-01  -7.6406299e-01  -3.4784521e+00   4.1513860e-01   2.2434230e-01  -8.0024611e-01  -1.8441653e-01   5.0585346e-01  -9.9979299e-01
   2.4920512e+00   2.6350662e+00   2.7233168e+00  -1.2064528e+00  -7.5483884e-01  -3.4643943e+00   8.5447918e-01   1.3409067e-01  -1.4750991e+00   5.4221014e-01   4.0214259e-01  -1.4330615e+00
   2.2682095e+00   3.1902285e+00   2.5142053e+00  -1.8952230e+00  -4.8965558e-02  -3.3373939e+00   1.0513761e-01   4.5014721e-01  -1.9079953e+00   5.1734447e-01   1.3351967e+00  -1.3062911e+00
   6.4592682e-01   2.0840918e+00   9.0929460e-01  -6.7253512e-01   1.7593274e-01  -3.1377014e-01   1.2483919e+00   2.8732029e-01  -7.1445206e-01   9.9091217e-02  -3.6790167e-01  -8.1758877e-01
   2.1349103e+00   2.5882322e+00   2.2088047e+00  -6.2389084e-01   1.8838540e+00  -5.0783611e-01   1.7024387e-01  -2.9658425e-01  -5.9098262e-01  -7.4103396e-01   6.1627080e-01  -1.9758821e+00
   2.5941001e+00   2.5651226e+00   1.3461904e+00  -1.5162064e+00   1.4995242e+00  -2.5179307e+00   3.1366170e-02   3.8135194e-01  -6.3478331e-01   1.8863898e-02   1.2818327e-01  -1.6324289e+00
   1.8508787e+00   3.6090482e+00   2.6694584e+00  -1.7655318e+00   9.5920862e-01  -2.2024718e+00  -5.6649097e-01  -1.8332187e-01  -7.0381255e-01   5.3563957e-01   1.2050059e+00  -1.6190870e+00
   8.4064621e-01   3.1337181e+00   2.6892145e+00  -7.2373027e-01   2.8798474e+00  -5.4470207e-01  -1.4332313e+00   6.2596009e-01  -1.7638850e+00  -5.7263728e-02   1.2570154e+00  -1.5780025e+00
   1.2980939e+00   2.6410174e+00   1.9412216e+00   6.7454577e-01   1.3260710e+00  -6.7106261e-02   4.4167478e-01   5.0231435e-01  -7.6380914e-01  -1.3152900e+00   7.0475538e-01  -5.9510825e-01
   1.2145223e+00   2.7325378e+00   8.9146815e-01   2.5642303e-02   8.4509936e-02  -1.0303228e+00  -9.2701739e-02  -2.5788969e-01  -1.0022064e+00  -1.1670152e+00   3.5866213e-01  -7.8871584e-01
  -1.7013704e+00   1.5020836e+00   1.1608616e+00  -4.9664387e-01   1.6413230e+00  -1.7351265e+00   1.5736573e-02  -8.7857884e-02  -5.9392943e-01  -3.2803684e-01   1.1457788e+00  -8.7919168e-01
  -7.1628696e-01   7.4847907e-01   2.2687062e+00  -1.6301503e+00   8.6552122e-01  -1.8052149e+00   2.0139924e+00   2.3198558e-01  -1.2619645e+00   1.6014280e-01   6.0454007e-01  -1.0716804e+00
   1.5534225e+00   1.7006502e+00   1.2607980e+00   8.7603375e-01  -1.9535925e-01  -2.7123011e+00   5.9015195e-01   8.4614960e-01  -2.0013311e+00  -3.8903095e-01   2.4868621e-01  -2.1917679e-01
   1.9805882e+00   1.3753095e+00   1.0074045e+00  -1.2304260e+00   5.1993923e-01  -2.2498255e+00   8.3752466e-01   9.4073589e-02  -1.5244236e+00  -8.7304799e-01   1.2267710e+00  -1.1649634e+00
   1.0548401e+00   1.4189170e+00   6.5160859e-01  -2.6277525e-01   3.3931644e-01  -8.1618844e-01   6.1185794e-01  -4.3995847e-01  -1.1321398e+00  -1.2713696e+00   6.4709035e-01  -7.1567994e-01
   9.0937409e-01   1.3800026e+00   3.3510346e-01   3.7821646e-01   4.5157466e-01  -1.2686882e+00   7.3754392e-02  -4.9306740e-01  -1.2801275e+00  -1.0211898e+00   7.7212034e-01  -5.4604606e-01
   3.9170734e-01  -7.6248925e-01   3.7647556e-01   4.5124082e-01   9.3867094e-01  -2.5686304e+00   1.6054077e-01  -2.6101761e-01  -8.4799113e-01  -1.5301146e+00   4.6762418e-01  -1.0092882e+00
  -1.7871428e+00  -1.6245836e+00   1.4929969e+00  -2.9039403e-01   2.3325069e+00  -1.7936827e+00   1.2558373e+00  -5.9868964e-02  -1.7921822e+00   3.4009973e-01   8.3822010e-01  -7.8476188e-01
   1.7293437e+00  -1.1282456e+00   2.4269798e+00   5.8343042e-02   1.6481806e+00  -1.1633588e+00   9.9241633e-01  -2.1191085e+00  -2.5363487e+00   3.7720434e-01   7.2849078e-01  -1.8356831e+00
   8.8663599e-02   3.2418671e-01   2.6320281e+00  -6.6355590e-02   1.9965528e+00  -1.5094848e+00   8.8592204e-01  -1.7862675e+00  -2.2940965e+00   5.5902215e-01   1.4465775e+00  -1.2099975e+00
  -4.9448176e-01   1.3287263e+00   3.1627548e+00  -8.8757338e-01   1.7575935e+00  -8.1789776e-01   1.1011234e+00  -1.5695485e+00  -2.1236001e+00  -1.6997541e-01   1.8554243e+00  -1.1049631e+00
  -1.2957043e+00   4.5449132e-01   1.6930420e+00   2.2699005e-01   3.0025299e+00  -2.9013445e-01   1.3686614e+00  -7.2989301e-01  -1.4356652e+00  -6.9310190e-01   1.0132474e+00  -9.7380718e-01
  -4.9323762e+00   7.0512208e-01   1.5541411e+00  -2.9645401e-02   2.4514153e+00  -7.3208480e-01   1.3570257e+00  -6.4059266e-01  -2.6117808e-01  -1.0748901e+00   7.8527250e-01  -8.5912419e-01
  -6.6504402e+00   2.5016412e-01   1.3120582e+00  -2.7207412e-02   1.9489156e+00  -7.7871047e-01   1.1613975e+00  -2.0733168e-01   7.6207142e-02  -1.0361485e+00   4.9644043e-01  -8.0806340e-01
  -7.2086356e+00  -1.6298687e-01   2.1720362e+00  -2.1512408e-01   1.3576504e+00  -3.0227965e-01   1.4498668e+00  -7.5296207e-01   9.5811619e-02  -1.0493669e+00   2.2229343e-01   8.1796259e-02
  -6.9893894e+00  -7.8717812e-01   1.9694814e+00  -9.6598976e-02   6.4161214e-01  -1.3889546e+00   9.0506055e-01  -1.2448511e+00   1.3905601e-01  -8.5385585e-01   1.5425937e-01  -6.9372262e-01
  -6.2502004e+00  -1.1292319e+00   2.6397464e+00  -5.7191039e-01   1.0179342e+00  -6.5247485e-01   1.1867193e+00  -9.9296740e-01   2.1616459e-01  -7.9946332e-01   2.7369226e-01   2.0494871e-02
  -4.7744143e+00  -5.7209547e-01   2.9928537e+00  -2.0114789e-01   1.5342907e+00  -4.9286410e-01   9.2021582e-01  -1.3805955e+00   9.9794673e-02  -8.2343561e-01   9.2522932e-01   2.2542968e-01
  -1.7854685e+00  -6.4658990e-01   1.9811835e+00  -2.0398245e-01  -6.6797050e-03  -7.8425359e-01   7.2616146e-01  -5.2337590e-01  -3.1023664e-01  -2.7455075e-01   8.3795969e-01   7.6427827e-02
  -1.0954051e+00   4.7668884e-01   2.4046310e+00  -1.1241926e-01   1.2110873e-01  -1.1288306e+00  -2.6707178e-01  -3.1752282e-01   1.6612573e-01  -5.7124383e-01   8.1922409e-01  -5.6425381e-01
  -1.1701449e+00   1.4761236e-01   1.0211588e+00  -5.8061330e-01   1.1515995e+00  -4.8576663e-02   8.6775524e-01  -1.8338850e-01  -6.2138233e-01  -6.4584627e-01   1.1369551e+00  -1.3390854e-01
  -3.3960904e-01   7.8714446e-01   1.2040959e+00  -2.9574158e-01  -9.4348177e-02  -1.0584140e+00   2.5541788e-01   1.1593329e-01   5.0075846e-02  -6.0771967e-02   1.2430210e+00  -7.7938431e-02
  -1.9087108e-01   5.0762383e-01   2.8059980e-01  -9.0177630e-01  -8.0251907e-01  -1.1635365e+00   1.4468523e-01  -6.3146959e-01  -2.4613558e-01  -1.2583284e+00   2.6833543e-01  -5.0597266e-01
  -3.7243969e-01   8.3673122e-01   4.0333361e-01  -1.0774138e+00  -7.0110472e-01  -6.9933749e-01   8.5102276e-01   1.8118809e-02  -5.2617311e-01  -6.5291935e-01   4.1246388e-01  -2.9037421e-01
  -1.3383156e+00   2.8749506e-01   4.7589627e-02  -1.1092524e+00  -5.9104842e-01  -1.0031829e+00  -1.5731651e-02  -7.3688681e-01  -8.1124284e-01  -8.2293216e-01   2.6439627e-01  -9.7502557e-01
  -1.0159645e+00  -3.2063522e-01  -6.6446114e-01  -4.9482958e-01   7.8865494e-02  -5.5289347e-01   5.4419814e-01  -2.7642969e-02  -1.5547221e-01  -1.0046200e+00   2.3835416e-01  -1.3184152e+00
  -7.1075143e-01   7.2854177e-01   6.9236361e-01   1.5155797e-01  -6.0402552e-02  -7.2637398e-01   6.3107899e-01  -1.5954082e-02  -3.7625591e-01  -1.0740829e+00   4.6323029e-01  -1.0542316e+00
  -3.7569691e-01   8.4389757e-01   6.8130397e-01  -2.4161395e-01   3.8461310e-01  -8.1097315e-01   5.0439862e-01   3.5077845e-02  -2.3275562e-01  -7.3604904e-01   5.7888838e-01  -1.2627212e+00
  -6.8468164e-01   8.2752692e-01  -2.9079834e-01  -4.7182168e-01   7.1108189e-01  -4.8455530e-01   7.4040019e-01   1.1826647e-01   4.9785363e-01   2.6244301e-02   5.4332353e-01  -9.4194163e-01
  -4.4183887e-01   4.3691090e-01  -8.0304006e-01  -3.1057519e-01   3.5084013e-01  -9.5167861e-01   4.6875652e-01  -9.1056771e-01  -9.6364158e-01  -7.5823440e-01   6.0372427e-01  -7.0483340e-01
  -2.7236976e-01   1.2315522e+00  -6.6258500e-03   1.6297925e-01   6.0249836e-02  -6.6313143e-01   6.7871138e-01  -4.7660595e-01  -4.8656058e-01  -6.7298404e-01   3.4869202e-01  -6.4972339e-01
  -1.8988318e-01   4.5991223e-01  -9.9831981e-01  -1.0409897e-01   3.8798843e-01  -3.5813636e-01   9.9905304e-01   1.0657294e-01  -2.5334384e-01  -4.8190244e-01   6.0882701e-01  -5.9955094e-01
  -2.0527312e-01   1.8558862e-01  -9.8975611e-01  -2.1893950e-01   8.7311371e-02  -6.7682090e-01   1.1430484e+00  -2.8335084e-01  -7.4378009e-01  -4.9337526e-01   6.5049715e-01  -1.1926464e+00
  -7.1923815e-01   3.1985493e-01  -1.1983190e+00  -4.5480426e-01   2.9048717e-01  -8.2941927e-01  -1.6744248e-01  -4.2518808e-01  -6.7188575e-01  -9.6873425e-01  -2.3480681e-01  -1.5772465e+00
   1.1008465e-01   7.3481858e-01  -8.6264529e-01   3.0994388e-01   1.9459690e-01  -4.9577648e-01   1.0799687e+00  -1.6438138e-01  -3.1586882e-01  -6.6590276e-01   3.3421735e-01  -9.1381604e-01
  -5.8585103e-02   9.3926960e-01  -8.7968210e-01  -1.3013146e-01   4.3677085e-01  -3.0639521e-01   1.0036952e+00   2.9015470e-01  -4.5984078e-02  -3.6325032e-01   5.8528325e-01  -1.3909965e+00
   2.0329547e-02   6.4586664e-01  -7.8606374e-01   1.6128752e-01   1.6852553e-01  -2.2185643e-01   1.3922054e+00   1.5158792e-02  -1.5606431e-01  -4.0952360e-01   4.4183111e-01  -7.4845338e-01
  -2.0516100e-01   1.0115393e-01  -1.1995697e+00  -7.5052477e-01  -5.6301326e-02  -4.4162364e-01   1.4016854e+00   5.7910345e-01  -5.0204354e-01  -8.1174849e-01   8.0251793e-01  -8.8349885e-01
  -6.6952458e-02   1.4111683e-02  -1.2719066e+00  -4.7004543e-01   5.4365757e-01  -2.5039150e-01   6.8456934e-01   1.1435008e-01  -2.3694525e-02  -3.1554974e-01   6.6457203e-01  -1.1305617e+00
   3.8951991e-01   7.1723289e-01  -7.4010313e-01  -1.7775931e-01  -9.4403960e-03  -9.8831735e-01   7.9816390e-01  -4.8372182e-01  -6.6220050e-01  -8.2332186e-01   1.3554276e+00  -7.2131000e-01
  -3.9514957e-01   9.5050989e-01  -5.1120226e-01  -3.8598889e-01  -2.7814018e-01  -6.5137567e-01   7.8235533e-01  -2.5786465e-01  -6.7892103e-01  -6.1651965e-01   1.9107636e-01  -1.3038942e+00
   5.1019919e-01   1.0990548e+00  -9.0174094e-01   7.7531427e-01   5.6609658e-01  -4.7862915e-01   3.4492098e-01   5.0798215e-02  -4.5988377e-01  -1.6696385e-01   7.4353980e-01  -2.8300152e-01
  -2.1196076e-01   1.1310472e+00  -3.5592597e-01   4.4527820e-01  -2.7372722e-01  -5.8294469e-01   9.3345980e-01   2.4449938e-01  -2.5950968e-01  -2.5281857e-01   1.0012072e+00  -1.4015517e-01
  -6.8777735e-02   1.4320859e+00  -2.1072520e-01   6.2227418e-01  -3.3767737e-01  -4.2573717e-01   4.6129688e-01   1.7875644e-02  -3.4449293e-01  -5.4370354e-01   8.2353229e-01  -1.9488944e-01
  -1.7245098e+00   1.5918318e+00  -6.7245399e-01   3.4947920e-01   1.3450522e+00  -2.6559488e-01  -4.0648632e-01   6.2546281e-01  -7.3283320e-01  -8.2489659e-01   4.9983133e-01  -7.0381857e-01
  -3.8783998e+00   1.9467503e+00   6.8381072e-02  -4.6278120e-01  -2.5210906e-02  -1.6859004e-01  -8.0539671e-01   1.7771541e-01  -8.1044779e-01  -8.4394484e-01   4.7349415e-01  -5.0512986e-02
  -3.7671191e+00   1.5423547e+00  -8.6939009e-01  -3.1159564e-01   6.8117240e-01  -2.7170048e-01  -5.9017014e-01   7.0562974e-01  -8.6812317e-01  -8.6627227e-01   2.4896260e-01  -7.9555956e-01
  -2.2020024e+00   1.3448527e+00  -3.3288360e-01  -1.0521047e-01   6.7007268e-01  -1.0150627e+00   4.3904372e-02   9.3471980e-01  -5.1622121e-01  -1.2714517e+00   1.4978482e-01  -8.4890200e-01
