  -1.6935172e-02   1.0057717e-01  -1.1467352e+00   9.9436630e-02   4.6392739e-01  -1.0184059e-01   8.3141437e-01   8.0347633e-02   6.3633696e-02  -4.9246014e-01   3.7554577e-01  -8.4019869e-01
  -1.4985819e+00   1.5884494e+00   2.1214079e-01  -5.5835119e-01   9.1879576e-01  -8.1331330e-01   1.0621825e-01   1.4949028e-02   1.7085415e-01  -3.8284223e-01   1.0847757e+00  -7.7383933e-01
  -9.3256888e-01   1.1261831e+00  -9.2342934e-01  -4.7594853e-01   2.2957289e-01  -4.7676693e-02   1.2084537e+00   1.3544626e-01  -5.5359899e-01  -4.2329877e-01   1.0719057e+00  -2.6120729e-01
  -2.4489741e-02   1.1009920e+00  -3.5138794e-01   2.3242892e-01   4.8046930e-02  -6.2443871e-01   7.3650963e-01  -4.3091582e-01  -7.3168969e-01  -5.7299454e-01   7.1436132e-01  -9.3628496e-01
  -3.7994158e-01   1.6867778e+00  -1.6722827e-01   1.0827601e-01   1.0237521e-01  -3.0234470e-01   9.7998208e-01   2.9681201e-01  -1.3803390e-01  -6.4627083e-01   6.3965726e-01  -7.2610053e-01
  -1.5112873e+00   1.5738579e+00  -4.8012240e-02  -6.1104186e-02   5.4761988e-01  -3.1404793e-01   9.6835492e-01  -2.7432566e-01  -4.4310155e-01  -5.4008718e-01   3.0639250e-01  -2.3060918e-01
  -4.8068394e-01   1.9028269e+00  -6.8489815e-01  -6.0869246e-01   6.1495964e-01  -1.1095885e+00   1.4762521e+00   2.9655415e-01  -8.1225440e-01  -1.0183821e+00  -3.5010102e-01  -3.0228193e-01
  -8.0476397e-01   6.3999781e-01  -9.2946640e-01  -7.1225940e-01  -4.4121320e-01  -1.4201119e+00  -7.2807798e-02  -3.8027459e-01  -5.4966046e-01   2.7250699e-02   1.1955765e+00  -4.8591467e-01
  -1.6656984e-01   1.0595160e+00  -8.0519081e-01  -3.5716317e-03   1.3627504e-01  -4.3988823e-01   7.2619665e-01  -1.9054272e-01  -7.3837522e-01  -7.3984099e-01   9.5122641e-01  -8.0396711e-02
  -1.4666702e+00   1.7364354e+00  -1.2175319e+00   6.7973878e-01   2.7502247e-01  -1.0011231e+00   1.5741090e+00  -2.7659839e-03  -5.9604273e-02  -4.8190884e-01   8.1324147e-01  -4.9876269e-01
  -1.1738198e+00   5.6591509e-01  -1.1823389e+00  -6.0520212e-01   2.1830057e-01  -1.4148539e+00   9.6517749e-01  -4.3043793e-01  -5.0819594e-01  -4.3208710e-01   5.8365460e-01   4.5635219e-02
  -1.1748725e+00   2.3060721e+00  -1.6312934e-01   2.1296352e-02   1.2533508e+00  -1.0974317e+00   1.1653842e+00   4.6189567e-01  -3.9963539e-01  -4.7945302e-01   5.7504806e-01  -7.2016970e-01
  -4.0904110e+00   1.8457737e+00   6.9354113e-02  -1.5953949e+00   1.0069160e+00  -2.8709525e+00   4.5243061e-01  -1.0765884e-01  -9.6739538e-01  -3.3611022e-01   1.1079746e+00   1.3896047e-01
   3.2388595e-01   1.1833383e+00  -3.3227393e-01   1.8843869e-01   3.9156803e-01  -4.4212155e-01   9.0697541e-01  -1.3523263e-01  -9.4976520e-01  -6.9654676e-01   2.6315054e-01  -9.6131143e-01
  -3.0753280e-01   7.3739833e-01  -9.4482831e-02  -9.2766288e-02  -3.1375642e-02  -1.2013608e+00   5.8164630e-01   6.5884783e-01  -8.7656337e-01  -9.3402134e-01   7.2802462e-02  -1.4466082e+00
  -8.9035818e-01  -6.7882296e-03  -9.8992222e-01  -1.0640039e+00  -3.3619418e-01  -9.1043075e-01   7.3138854e-01   1.1816172e-01  -7.2076415e-01  -1.6455369e-01   6.5096733e-01  -8.9598362e-01
  -1.1718022e+00  -2.9442769e-01  -4.4928325e-01  -7.0900021e-02   8.0522696e-02  -8.0556371e-01   7.0275895e-01  -1.5445580e-01  -7.7806019e-01   6.1159815e-02   5.8903560e-01  -7.0432937e-01
  -6.9288096e-01   1.3205574e+00   1.8671541e+00  -2.8515234e+00  -1.5184480e-01  -2.6440101e+00   2.0373445e-01   2.4268269e-01  -1.1890083e+00   8.5244111e-01   1.3436006e+00  -1.1283611e+00
   6.0094272e-01   2.6754081e+00   4.1045099e+00  -2.2761933e+00  -3.3017908e-01  -2.6948447e+00  -2.8706420e-01  -6.0330952e-02  -1.3824482e+00   3.9768745e-01   1.2577202e+00  -5.5370282e-01
   2.3379707e+00   2.9725024e+00   4.5287055e+00  -8.2409030e-01  -3.1007865e-01  -3.6209366e+00  -1.0355497e+00   1.8412047e-01  -2.0684342e+00   1.0550184e+00   9.0850210e-01  -6.3388503e-01
   2.4957014e+00   1.4915021e+00   5.3062381e+00  -1.1571036e+00  -1.3436275e+00  -3.5401733e+00  -2.6392012e-01  -4.0866254e-01  -8.3065507e-01   3.3576122e-01   7.3491421e-01  -1.4464821e+00
   3.1687585e+00   1.1728904e+00   3.8786102e+00  -1.2787581e+00  -1.1211338e+00  -3.4888254e+00  -1.7054366e-01   5.1353216e-01  -9.9269043e-01  -5.7283604e-01   1.5422015e+00  -1.7664766e+00
   1.4682504e+00   2.4668532e+00   2.5649565e+00  -6.1746718e-01   1.0136400e+00  -2.8534448e+00  -6.5973393e-01   9.7939650e-01  -8.9454671e-01  -3.6408203e-01   2.6700175e-01  -1.3217291e+00
   9.4831343e-01   2.8864405e+00   2.1973610e+00  -1.0200921e+00   1.4769457e+00  -3.0012732e+00  -4.1799409e-01   4.0292475e-01  -1.7915646e+00  -3.4389670e-01  -8.7790735e-01  -7.3129121e-01
  -2.4093159e+00  -5.4969903e-01   1.2947205e-01   9.5216296e-02   2.3333248e+00  -2.9082880e+00   3.6560765e-02   2.9877931e-01  -1.3792866e+00  -1.4448119e+00   1.6880962e-01  -1.0258901e+00
   2.0270998e+00   1.4577703e+00   2.8870477e+00  -6.8660042e-01  -1.1977170e+00  -3.6355153e+00   2.0418304e-03   9.0604355e-01  -1.7875797e+00  -8.4638738e-02   8.0730810e-01  -1.7528428e+00
   2.6133563e+00   2.3777482e+00   3.0822375e+00  -1.1039782e+00  -1.2569307e+00  -4.0262051e+00   3.7644645e-01   9.3436501e-01  -1.7584629e+00   6.2914231e-01   1.9858327e-01  -1.5827802e+00
   2.9088386e+00   3.0270599e+00   1.7808302e+00  -2.7636379e-01  -1.3463766e-01  -2.2097810e+00   1.1843939e-01   4.0313691e-02  -3.1756317e-01  -5.9429740e-01   9.5001029e-01  -8.9055738e-01
   2.8617626e+00   2.3215411e+00   2.8678668e+00   2.5507860e-01   6.6734646e-02  -1.1895588e+00   6.3677215e-01  -3.1326542e-01  -4.0611240e-01  -6.7031666e-01   1.5459610e-01  -2.1042395e+00
   2.3680238e+00   3.1319393e+00   2.1254293e+00  -5.5685954e-01   1.5309506e+00  -9.5318242e-01  -5.9630705e-01   1.6647098e-01  -1.0288326e+00  -6.1282496e-02   8.9603221e-01  -1.3056540e+00
   2.6136831e+00   4.3307132e+00   2.7063392e+00  -1.8325289e+00   6.5015291e-01  -2.5018001e+00  -5.1366080e-01  -5.0436713e-01  -1.0382194e+00   7.4923395e-01   1.2272340e+00  -1.3414620e+00
   3.1082976e+00   3.3483591e+00   3.0037670e+00  -2.6972749e+00  -2.2059279e-01  -3.2054353e+00   1.3125583e+00   3.8156797e-01  -1.2539637e+00   7.5370589e-01   1.7069433e+00  -1.9552079e+00
   1.9885630e+00   2.3076431e+00   2.8160169e+00  -1.3574585e+00  -8.7505534e-01  -3.6167832e+00   1.7379065e+00   1.0354446e+00  -1.7703105e+00   4.7352653e-02   1.2650749e+00  -9.4890359e-01
   3.0191990e+00   2.3691409e+00   1.3260623e+00  -8.3824592e-02  -1.9463619e-02  -1.1171762e+00   9.9629709e-01   1.9627248e-01  -1.1337097e+00  -1.0166993e+00   1.2506407e+00  -9.8193534e-01
   2.6027616e+00   1.5949683e+00   1.4214956e+00  -2.0230341e-01   4.6543927e-01  -1.1366201e+00   8.4924840e-01  -3.5312765e-01  -8.1314824e-02  -7.8357153e-01   8.7172626e-01  -1.0155680e+00
   6.3098913e-01  -4.0033866e+00   5.7731672e-01   1.2350933e+00   1.6129234e+00  -3.1554628e+00  -1.8162608e-01  -3.3595107e-01  -1.2278084e+00  -1.0991198e+00   4.6171225e-01  -8.1375190e-01
  -1.1563868e+00  -2.0826211e+00   1.3904062e+00  -3.9114285e-01   9.8151307e-01  -3.0514157e+00   4.7588663e-01  -4.9029393e-01  -2.0939698e+00  -1.4019000e+00   5.0884604e-01  -5.1403745e-01
   1.2811205e+00   6.9850969e-01   3.0569023e+00  -6.5838368e-01   2.1416200e+00  -1.1583508e+00   6.6630845e-01  -1.6172232e+00  -2.9409544e+00  -6.3378861e-01   6.4807181e-01  -6.6643072e-01
   1.1073848e+00   1.1660040e+00   2.8244837e+00  -1.0402160e+00   1.5764980e+00  -9.2555769e-01   2.4364146e-01  -2.1769248e+00  -2.4325935e+00   4.9358852e-01   6.8958395e-01  -3.9416858e-01
   8.3208492e-01   9.3425647e-01   4.0273925e+00  -1.8418295e+00   2.4727942e+00  -1.2671622e+00   8.8603335e-01  -2.5576358e+00  -1.6404267e+00  -4.3102061e-01   1.2546268e+00  -8.8185799e-01
   1.3466289e+00   1.3321021e+00   2.7670008e+00  -1.3235241e+00   2.7292844e+00  -6.5722249e-01   8.1925670e-01  -1.9448759e+00  -1.7353035e+00  -1.1269212e-01   1.6183820e+00  -1.2031875e+00
  -3.7364475e+00   1.6737849e+00   1.2536905e+00  -1.7031101e-01   2.6091886e+00  -7.4335530e-01   1.1024202e+00  -4.6352579e-01  -7.8261862e-01  -1.0311521e-01   1.3901776e+00  -1.4346344e+00
  -6.5733032e+00   4.3555585e-02   2.5196306e+00  -1.6863091e-01   2.3067638e+00  -9.9448235e-01   7.3207964e-01  -4.9055405e-01   2.4681164e-01  -9.5430761e-01   8.4820227e-01  -3.5538965e-01
  -6.9857468e+00   1.4194650e-02   2.2463638e+00  -9.3468582e-01   1.6128048e+00  -1.5477803e+00   5.1787157e-02  -1.2506559e+00  -3.5743617e-01  -1.0181672e+00   4.6768882e-01  -6.5359299e-01
  -6.8237357e+00  -7.2174601e-01   2.0325380e+00  -6.2961023e-01   1.4904000e+00  -1.0612992e+00   4.1072855e-02  -8.2844467e-01  -1.6257946e-01  -8.1762616e-01   9.5743848e-01  -1.9294804e-01
  -6.4965452e+00  -1.0041309e-03   2.3422583e+00  -3.8774838e-01   1.5631120e+00  -1.0652636e+00   6.9221181e-02  -1.0702787e+00  -1.9211381e-02  -4.9491962e-01   6.7950793e-01  -8.6942200e-01
  -6.7987066e+00  -5.9779562e-01   1.4102845e+00  -1.0460981e+00   1.4466865e+00  -9.9078728e-01   4.4313471e-01  -2.1948119e-01   2.8711566e-01  -7.3361801e-01   6.8959748e-01  -4.5440347e-01
  -7.1688019e+00  -1.3742927e+00   1.4836198e+00  -1.1284338e+00   1.0077815e+00  -1.1686151e+00   2.9378217e-01  -8.1509376e-01  -3.5459653e-01  -1.3236134e+00   7.1796161e-01  -9.0884506e-01
  -4.9454355e+00  -1.1485718e+00   1.9957056e+00  -9.7211742e-01   1.0748205e+00  -1.0706067e+00   9.7084932e-01   8.9649078e-02  -1.5368561e-01  -9.0588926e-01   7.2843972e-01  -8.0121037e-01
  -1.2168465e+00  -2.1481296e-01   1.5152842e+00  -4.8534341e-01   1.2347670e+00   2.9336744e-01   4.7896814e-02   1.5246078e-01  -2.4365758e-01  -1.3097156e+00   7.9773089e-01  -2.5303838e-01
  -9.8603969e-02  -9.9068326e-02   6.7166080e-01  -9.0234515e-01   3.6788462e-02  -3.1453402e-01   6.8088819e-03   4.6537295e-02  -2.8296791e-01  -9.9777373e-01   1.2782714e+00  -4.3893763e-01
   4.3529618e-02   2.6417896e-01   6.2307127e-01  -1.0879744e+00   3.5401625e-01  -5.1632985e-01   5.3406838e-02  -2.3545546e-01  -5.6615625e-01  -1.3346515e+00   9.7010302e-01  -4.6725812e-01
   1.3536295e-01   6.4214194e-02   5.8003893e-01  -6.9925424e-01   5.9295858e-02  -1.5053783e-01   3.4775937e-01   1.8637957e-01  -1.4354383e-01  -1.0547264e+00   5.6838979e-01  -5.6864597e-01
  -6.0253225e-01   1.2266038e-01   5.3273012e-01  -5.8208226e-01  -1.2123957e-01  -1.1572640e+00   5.4374984e-02   1.5361809e-01  -5.1979476e-01  -1.3068468e+00   1.1617488e+00  -2.4362647e-01
  -1.1992880e-01   7.4292346e-01   5.1386453e-01   1.6642039e-01   6.9412075e-02  -9.3486544e-01   2.6982159e-01   1.4393944e-01  -3.6660704e-01  -8.4411255e-01   1.0459929e+00  -1.9032668e-01
   2.3810708e-01   7.2463368e-01   4.1952399e-01   1.8295490e-01   5.5570130e-01  -5.9315324e-01   6.6464937e-01   5.2241298e-02  -6.5702986e-01  -1.1820055e+00   9.5140584e-01  -6.7979083e-01
  -2.5836221e-01   5.9315847e-01   2.8575973e-01  -3.0011061e-01   2.2313943e-01  -4.9653937e-01   5.0188629e-01   1.5638608e-01   7.4475195e-02  -5.1763829e-01   7.3445850e-01  -6.4231419e-01
  -1.7473885e-01   5.1168869e-01  -2.2394824e-01  -1.4792309e-01  -1.0663890e-01  -9.2213595e-01   3.6471910e-01   6.9946588e-02  -8.1783978e-01  -7.9693321e-01   8.4570571e-01  -5.1436570e-01
   2.0283015e-01   8.9387997e-01   1.7722822e-01  -1.3689298e-01   9.6444010e-02  -3.5080110e-01   8.0298722e-01  -4.0891907e-01  -5.2945590e-01  -4.0918148e-01   1.0473256e+00  -2.3171884e-01
  -1.6930646e-01   7.9456855e-01  -2.3921153e-01  -4.0164961e-01   3.3720727e-01  -1.2281254e+00   5.3422567e-01  -3.4360853e-01  -4.1947881e-01  -6.8757467e-01   4.6369233e-01  -8.1594141e-01
  -6.6815579e-01   1.1083846e+00   1.0941687e+00   5.7204240e-01   7.5427021e-01  -7.4412906e-01   7.8426197e-01   5.1221137e-01   4.9393585e-01  -2.4105042e-01   1.3049678e+00  -4.4469515e-01
  -1.0544723e+00   1.2792733e+00   7.6274415e-01  -8.3761934e-01   2.1934398e-01  -3.7147809e-01   1.7024771e+00   7.8586654e-01   1.1824804e-01  -3.1978268e-01   9.9359653e-01  -8.0153413e-01
   4.3435971e-01   8.4093813e-01  -2.3426635e-01   5.6796785e-01   7.4319710e-01  -8.4678947e-01   6.9033247e-01  -2.4594574e-01  -7.0254863e-02  -1.0718799e-01   1.2541450e+00  -5.0047698e-01
  -2.6147328e-02   5.1816115e-01  -4.4402101e-01   2.7325108e-01   6.9144755e-01  -4.2863387e-01   1.0217942e+00   3.0202327e-01   3.5552648e-01  -3.0942095e-01   9.6470424e-01  -4.5618097e-01
   8.3648656e-02   1.1613420e+00   2.2764230e-01   3.3300802e-01   3.0124179e-01  -7.2885090e-01   6.6919290e-01  -4.3104316e-01  -3.7494885e-01  -8.3684399e-01   5.3343503e-01  -7.6849248e-01
  -4.4183887e-01   4.3691090e-01  -8.0304006e-01  -3.1057519e-01   3.5084013e-01  -9.5167861e-01   4.6875652e-01  -9.1056771e-01  -9.6364158e-01  -7.5823440e-01   6.0372427e-01  -7.0483340e-01
  -2.7236976e-01   1.2315522e+00  -6.6258500e-03   1.6297925e-01   6.0249836e-02  -6.6313143e-01   6.7871138e-01  -4.7660595e-01  -4.8656058e-01  -6.7298404e-01   3.4869202e-01  -6.4972339e-01
  -1.8988318e-01   4.5991223e-01  -9.9831981e-01  -1.0409897e-01   3.8798843e-01  -3.5813636e-01   9.9905304e-01   1.0657294e-01  -2.5334384e-01  -4.8190244e-01   6.0882701e-01  -5.9955094e-01
  -2.0527312e-01   1.8558862e-01  -9.8975611e-01  -2.1893950e-01   8.7311371e-02  -6.7682090e-01   1.1430484e+00  -2.8335084e-01  -7.4378009e-01  -4.9337526e-01   6.5049715e-01  -1.1926464e+00
  -7.1923815e-01   3.1985493e-01  -1.1983190e+00  -4.5480426e-01   2.9048717e-01  -8.2941927e-01  -1.6744248e-01  -4.2518808e-01  -6.7188575e-01  -9.6873425e-01  -2.3480681e-01  -1.5772465e+00
   1.1008465e-01   7.3481858e-01  -8.6264529e-01   3.0994388e-01   1.9459690e-01  -4.9577648e-01   1.0799687e+00  -1.6438138e-01  -3.1586882e-01  -6.6590276e-01   3.3421735e-01  -9.1381604e-01
  -5.8585103e-02   9.3926960e-01  -8.7968210e-01  -1.3013146e-01   4.3677085e-01  -3.0639521e-01   1.0036952e+00   2.9015470e-01  -4.5984078e-02  -3.6325032e-01   5.8528325e-01  -1.3909965e+00
   2.0329547e-02   6.4586664e-01  -7.8606374e-01   1.6128752e-01   1.6852553e-01  -2.2185643e-01   1.3922054e+00   1.5158792e-02  -1.5606431e-01  -4.0952360e-01   4.4183111e-01  -7.4845338e-01
  -2.0516100e-01   1.0115393e-01  -1.1995697e+00  -7.5052477e-01  -5.6301326e-02  -4.4162364e-01   1.4016854e+00   5.7910345e-01  -5.0204354e-01  -8.1174849e-01   8.0251793e-01  -8.8349885e-01
  -6.6952458e-02   1.4111683e-02  -1.2719066e+00  -4.7004543e-01   5.4365757e-01  -2.5039150e-01   6.8456934e-01   1.1435008e-01  -2.3694525e-02  -3.1554974e-01   6.6457203e-01  -1.1305617e+00
   3.8951991e-01   7.1723289e-01  -7.4010313e-01  -1.7775931e-01  -9.4403960e-03  -9.8831735e-01   7.9816390e-01  -4.8372182e-01  -6.6220050e-01  -8.2332186e-01   1.3554276e+00  -7.2131000e-01
  -3.9514957e-01   9.5050989e-01  -5.1120226e-01  -3.8598889e-01  -2.7814018e-01  -6.5137567e-01   7.8235533e-01  -2.5786465e-01  -6.7892103e-01  -6.1651965e-01   1.9107636e-01  -1.3038942e+00
   5.1019919e-01   1.0990548e+00  -9.0174094e-01   7.7531427e-01   5.6609658e-01  -4.7862915e-01   3.4492098e-01   5.0798215e-02  -4.5988377e-01  -1.6696385e-01   7.4353980e-01  -2.8300152e-01
  -2.1196076e-01   1.1310472e+00  -3.5592597e-01   4.4527820e-01  -2.7372722e-01  -5.8294469e-01   9.3345980e-01   2.4449938e-01  -2.5950968e-01  -2.5281857e-01   1.0012072e+00  -1.4015517e-01
  -6.8777735e-02   1.4320859e+00  -2.1072520e-01   6.2227418e-01  -3.3767737e-01  -4.2573717e-01   4.6129688e-01   1.7875644e-02  -3.4449293e-01  -5.4370354e-01   8.2353229e-01  -1.9488944e-01
  -1.7245098e+00   1.5918318e+00  -6.7245399e-01   3.4947920e-01   1.3450522e+00  -2.6559488e-01  -4.0648632e-01   6.2546281e-01  -7.3283320e-01  -8.2489659e-01   4.9983133e-01  -7.0381857e-01
  -3.8783998e+00   1.9467503e+00   6.8381072e-02  -4.6278120e-01  -2.5210906e-02  -1.6859004e-01  -8.0539671e-01   1.7771541e-01  -8.1044779e-01  -8.4394484e-01   4.7349415e-01  -5.0512986e-02
  -3.7671191e+00   1.5423547e+00  -8.6939009e-01  -3.1159564e-01   6.8117240e-01  -2.7170048e-01  -5.9017014e-01   7.0562974e-01  -8.6812317e-01  -8.6627227e-01   2.4896260e-01  -7.9555956e-01
  -2.2020024e+00   1.3448527e+00  -3.3288360e-01  -1.0521047e-01   6.7007268e-01  -1.0150627e+00   4.3904372e-02   9.3471980e-01  -5.1622121e-01  -1.2714517e+00   1.4978482e-01  -8.4890200e-01
