  -2.1598062e+00   4.0440640e-01   6.4599190e-01  -1.0610522e+00   7.5241933e-01   3.7748459e-01   1.2873937e+00   2.8262948e-01   1.4958850e-01  -5.4236250e-01   5.3989519e-01  -9.9607565e-01
  -1.9753508e+00   2.9413990e-01   7.3552207e-01  -4.7254366e-01   3.8512638e-01   9.6211966e-03   3.7963201e-01  -1.4921301e-01  -8.7453012e-01  -8.3702838e-01   5.3387648e-01  -1.1194753e+00
  -1.2785340e+00  -1.7458028e-01  -5.1262403e-01  -1.4188590e-01  -4.0958508e-01  -5.4766934e-01   8.6534054e-01  -3.8627441e-01  -6.1745959e-01  -2.3686751e-01   5.0701676e-01  -1.0473691e+00
   4.6064475e-01   5.9613765e-01   2.7489324e-01  -7.7045217e-02   3.8954973e-01   2.1036734e-01   1.6908190e+00  -1.2213993e-01  -1.8587675e-01   7.7407378e-02   5.5372418e-01  -1.2732252e+00
   3.3082386e-01   8.5865204e-01   3.7032350e-01   7.7812356e-01  -1.1308349e-02  -7.5668146e-01   7.0509672e-01  -9.9110500e-01  -5.4418581e-02  -3.7158081e-01   2.6398194e-01  -1.2161796e+00
   2.1897630e-01   7.9262652e-01  -1.4910741e-01   7.8275524e-01  -1.2769698e-01   1.6270864e-01   1.7076851e+00  -2.7596372e-01  -5.8868802e-02   2.0813972e-01   4.3892096e-01  -7.5175647e-01
  -1.3397157e+00  -3.1851745e-01  -5.3863603e-01   1.6729780e-01  -1.1554284e-01  -7.6173900e-02   1.2345031e+00  -4.8533535e-01  -6.9335120e-01  -9.2103523e-02   1.1325252e+00  -1.0020252e+00
  -3.3908439e-01   6.5719765e-01  -4.0484569e-01   4.6471003e-01  -5.1846093e-01  -6.5315730e-01   1.0285878e+00  -1.1799201e-01  -7.1390751e-01  -6.3736963e-01   4.9173537e-01  -5.8308249e-01
  -2.0282222e-01   1.2745910e-01  -8.6672304e-01   2.6630983e-01   2.6728323e-02  -5.7516272e-02   1.0771457e+00  -1.3792043e-02  -4.6032711e-01  -5.9592211e-01   7.9744640e-01  -3.8277333e-01
  -2.3495903e-01   5.1965556e-01  -9.5269776e-01   1.8631743e-01  -1.1261616e-01  -6.3496361e-01   9.2047015e-01  -6.5017923e-02   2.2962719e-01  -7.5597278e-02   6.8391540e-01  -5.1773457e-02
  -3.6332925e-01   5.8241810e-01  -4.1452193e-01   3.1979742e-01  -1.1689160e-01  -6.1143032e-01   9.1519975e-01  -1.7036186e-01  -1.9395351e-01   9.0321625e-02   7.2889180e-01  -7.0115450e-01
  -4.0699937e-01   1.3380269e-01  -1.0762286e+00  -7.0049579e-02  -2.3284380e-01  -1.1715869e-01   1.3293662e+00   4.9952540e-01   9.8063783e-02   6.4089579e-02   8.6529551e-01  -9.6233911e-01
  -6.1734791e-02   2.8628889e-01  -6.2072245e-01   4.8574062e-01  -1.0488721e-01  -6.6932143e-01   2.3359665e-01   1.9988844e-01  -1.6699402e-01  -6.0750249e-01   7.6929062e-02  -6.1743331e-01
   1.2427516e-01   7.8871700e-01  -9.1668111e-02   1.3058747e+00   2.9042292e-01  -5.4844870e-01   6.7600013e-01   3.5987806e-01  -4.4252368e-01  -3.2173204e-01   9.5857887e-01  -4.7220997e-01
  -4.2187823e-01   2.9737037e-01  -6.2618382e-01   3.5382435e-01   4.8272958e-01   4.7429285e-02   1.1985487e+00   7.3560486e-02  -2.1112419e-01  -2.8754936e-01   7.7168990e-01  -6.3054176e-01
  -7.6228926e-01   2.1282668e-01  -1.0199997e+00  -1.7879921e-01  -1.9296282e-01  -7.2512586e-01   9.3321305e-01  -7.2042415e-02  -1.0621918e+00  -1.0640889e+00   3.9535372e-01  -9.8923954e-01
   9.2906175e-01   9.4795742e-01  -5.2405398e-01   2.7648655e-01  -3.2727152e-01  -4.0664563e-01   6.5956603e-01  -7.9184089e-02   1.5735810e-01   1.3096895e-01   5.5082326e-01  -8.7570999e-01
   7.0986321e-01   6.6216527e-01  -9.8303810e-01   3.2153816e-01  -3.8511023e-01  -7.5783435e-02   1.5036525e+00   7.9290860e-01  -2.8634200e-01  -7.3679197e-01   1.9311738e-01  -9.5571490e-01
  -2.8995101e-01   1.3380866e+00   1.4002356e-01   2.1116645e-01   1.3268573e-01  -9.6860505e-01   9.8332277e-01  -2.1604618e-01  -7.4308266e-01  -5.4227369e-01   6.3478317e-01  -5.4883228e-01
  -3.2719033e-01   8.9033176e-01  -8.5823128e-01  -1.7089038e-02   3.7344441e-01  -1.7147400e-01   1.0151194e+00   1.4660088e-01  -6.7670332e-01  -4.4811753e-01   4.1286576e-01  -1.2066680e+00
  -3.3046971e-03   4.3126859e-01  -6.2978048e-01   5.3886060e-01   2.2544840e-01  -4.0087433e-01   1.0236080e+00   4.0165206e-01  -1.8922875e-01  -3.7751088e-01   1.2876253e+00  -1.3471822e-03
   4.9960868e-02   1.1646585e+00  -6.6964815e-01   5.5747839e-01   1.9117283e-01  -4.1853719e-01   5.8342957e-01  -1.1468613e-01  -6.7331869e-01  -4.2770102e-01   9.4632394e-01  -6.5234707e-01
  -2.1394067e+00   1.8613627e+00   9.8406292e-01  -1.2290533e+00   1.7786258e+00  -1.7528866e+00   1.5809326e+00   6.9274469e-01  -1.8325612e+00  -1.0734072e-03   1.2675564e+00  -2.7462638e-01
  -3.6474948e+00   7.7241953e-01   1.9796976e+00  -3.0034988e+00   1.3656615e+00  -1.9008082e+00   1.5015233e+00   5.5201848e-01  -1.2555565e+00  -8.9735631e-02   1.3491012e+00   7.2015839e-01
   6.9809316e-01   2.9239173e+00   3.7966958e+00  -1.7601501e+00  -5.8074958e-01  -3.6536221e+00   9.9614363e-02  -5.5606330e-01  -1.0248021e+00   3.4326463e-01   1.4632956e+00   2.8397381e-01
   1.7514533e+00   3.9297652e+00   3.4237367e+00  -9.0023637e-01  -2.6576330e-01  -3.0174805e+00  -2.4656444e-01  -2.6987301e-01  -1.5435473e+00   2.8940507e-01   9.1785553e-01   9.0070435e-02
   1.7719372e+00   2.2791638e+00   3.2877024e+00  -1.6196297e-01  -4.6720240e-01  -2.5562157e+00  -9.6726609e-01  -6.5735831e-01  -3.0848670e-01   5.7663834e-01   8.7875075e-01  -5.2328252e-01
   2.7448263e+00   1.3250597e+00   3.4055941e+00  -8.9885496e-01  -1.1872589e+00  -3.2147690e+00  -4.4329833e-01   1.0274077e-01  -6.1499016e-01   6.7486899e-01   9.4192970e-01  -1.3827525e+00
   2.0943068e+00   1.8994971e+00   2.5073117e+00   2.8897765e-01  -4.3667751e-01  -3.8477541e+00   6.6777391e-01   6.6193974e-01  -7.2609019e-01   4.1044792e-02  -2.5109145e-02  -6.1907076e-01
   2.7045342e+00   2.7460935e+00   2.8826569e-01   4.2676067e-01  -1.1835932e-01  -7.1193351e-01   3.7434008e-01  -4.5524721e-01  -1.3296791e+00  -1.2768986e+00  -2.1152623e-01  -9.2223771e-01
  -1.9640186e+00  -3.4496044e+00   1.8904893e-01  -1.0749115e-01   3.2014054e+00  -3.8417973e+00   2.4313700e-01   5.0565718e-01  -6.9352841e-01  -6.4406021e-01   6.2645313e-01  -6.7499698e-01
  -9.0943690e-01   2.6889438e-01   2.0012311e+00  -5.5548103e-01   2.5057956e-01  -3.0656941e+00   5.8380763e-01   7.6704355e-01  -4.5370422e-01  -4.8748401e-01   8.3612015e-01  -1.0014453e+00
   2.4752734e+00   1.4705172e+00   2.5847908e+00  -8.4788320e-01  -2.5410782e-01  -4.1760522e+00   2.3880618e-01   6.0697911e-02  -1.5316537e+00   8.1754628e-01   7.1899169e-01  -1.6400896e+00
   2.0941781e+00   3.5686679e+00   2.8193876e+00  -1.3589507e+00  -5.7812723e-02  -3.6222368e+00   1.5826626e-01  -7.3391307e-01  -1.1991071e+00   3.1423157e-02   1.2004712e+00  -1.6250017e+00
   2.9668103e+00   3.0616029e+00   1.8627880e+00  -2.2901742e-01   8.9099672e-01  -1.9002573e+00  -2.1652574e-01   1.2336074e-01  -9.1788245e-01  -5.6467437e-01   6.6371812e-01  -1.3332130e+00
   1.8233838e+00   2.3498074e+00   1.8862195e+00  -1.1664182e+00   1.3468401e+00  -7.1712225e-01  -2.3367557e-01   2.6222336e-01  -9.2276425e-01   5.0256661e-01   1.0515998e+00  -1.6075071e+00
   2.4721199e+00   3.3016493e+00   2.2991481e+00  -1.4158627e+00   1.6398461e+00  -1.7315088e+00  -1.0341608e+00  -1.0347070e+00  -4.0413659e-01  -2.7668507e-01   1.3852651e+00  -1.9294847e+00
   2.5967687e+00   3.0004933e+00   3.0293667e+00  -1.9088892e+00   9.6270143e-01  -2.5319691e+00  -2.9764095e-02  -7.4687467e-01  -8.1232280e-01   7.4383206e-01   1.6813320e+00  -1.9117877e+00
   1.6696507e+00   2.4679810e+00   2.2440956e+00  -1.7539883e+00  -3.6732684e-01  -3.1141020e+00   1.4467177e+00   4.9541299e-01  -1.0099901e+00   7.9655298e-01   1.6286873e+00  -2.1821071e+00
   2.4636467e+00   2.1807746e+00   2.0811157e+00  -4.8883995e-01  -3.0148013e-01  -3.2207945e+00   9.3871567e-01   1.4248654e+00  -2.4967515e+00   3.4624815e-01   7.5570701e-01  -6.3552505e-01
   2.6833145e+00   1.9531629e+00   3.1913514e-01   1.1770737e-01   4.1765726e-01  -1.2097088e+00   9.5824046e-01  -2.9360930e-01  -9.5345456e-01  -1.1374196e+00   5.4225970e-01  -8.7507727e-01
   3.0962843e+00   1.9563176e+00   9.3437817e-01  -2.8419915e-02   6.5273074e-01  -1.5046122e+00   3.8261189e-01  -5.6072798e-01  -7.5057112e-01  -8.7785807e-01   9.7802100e-01  -5.8354487e-01
  -1.3956136e+00  -8.2032241e-01   1.3913200e+00  -4.2522811e-01   1.5152309e+00  -2.4130693e+00   1.1323204e+00   5.4555594e-01  -1.5796762e+00  -7.1747779e-01   8.9368486e-01  -1.0671538e+00
  -2.3346781e-01  -3.4954119e-02   2.5017262e+00  -4.9907869e-01   2.2701365e+00  -2.1044942e+00   1.3649423e+00  -1.8942063e-01  -2.1422723e+00   1.6148419e-01   1.0621439e+00  -1.0461451e+00
   1.1822765e+00   5.1496174e-01   2.5476411e+00  -6.0261062e-01   2.6214107e+00  -1.5819370e+00  -7.2133421e-03  -1.2198386e+00  -3.0146581e+00  -2.3531049e-01   1.6064348e+00  -9.0471626e-01
   1.2801249e+00  -2.0915206e-01   3.7007457e+00  -1.0835122e+00   2.3149491e+00  -1.1063559e+00   1.0209372e+00  -1.8105582e+00  -2.1265204e+00   8.9338841e-02   9.8936737e-01  -3.1334008e-01
   7.6554066e-01   7.5879436e-01   2.6146546e+00  -9.6868804e-01   1.9685577e+00  -9.6868172e-01   3.0949165e-01  -1.3095165e+00  -2.5525069e+00   2.9245901e-01   1.4748834e+00  -5.7576519e-01
   1.2774126e+00  -3.0471110e-01   2.1880207e+00  -1.3557343e+00   2.5996989e+00  -2.5793893e-01   2.0886955e+00  -8.2270816e-01  -1.4532212e+00  -1.8370813e-01   1.2901219e+00  -1.0891958e+00
  -3.0144590e+00   9.6772638e-02   1.8020744e+00   1.6280644e-01   2.8065827e+00  -4.3369117e-01   8.6375297e-01  -2.3876711e-01  -5.1488730e-01  -8.5987160e-01   1.2257541e+00  -8.9442079e-01
  -4.9494948e+00  -1.1453133e+00   1.6021613e+00   3.5144555e-01   2.8880410e+00  -2.6478490e-01   1.0276844e+00  -4.0546596e-01  -1.4682630e-01  -6.4880897e-01   1.2161573e+00  -1.1274476e+00
  -5.4786138e+00  -1.4637600e+00   1.3319170e+00  -3.4233507e-01   2.5311350e+00  -9.7148241e-01   3.2663330e-01  -1.0999286e+00  -4.8848667e-01  -9.2876853e-01   1.1687795e+00  -7.0396788e-01
  -5.5745472e+00  -1.0600631e+00   2.3917763e+00  -1.4587842e-01   2.4415361e+00  -9.6578836e-01   7.5043832e-01  -8.3951178e-01   4.6758113e-02  -1.1198705e+00   7.7988109e-01  -2.2875874e-01
  -5.9743041e+00  -5.3116634e-01   3.3666704e+00  -6.7487592e-01   1.7571830e+00  -6.2650812e-01   3.9657061e-01  -9.5220757e-01   3.9518005e-01  -9.7060549e-01   2.9487443e-01  -5.1453785e-01
  -6.0183013e+00  -5.7898329e-01   3.0583658e+00  -5.7461590e-01   2.1358810e+00  -2.0101629e-01   7.3834856e-01  -7.6562070e-01   4.5510617e-01  -1.1472160e+00   6.0000114e-01  -6.3956700e-01
  -5.8234404e+00  -2.0608065e+00   2.7999605e+00  -1.1437866e+00   1.1713045e+00  -3.8979935e-01   8.8447327e-01  -6.6960522e-01   1.3243488e-01  -1.3657806e+00   1.8571117e-01  -3.1279501e-01
  -3.0915388e+00  -1.8896714e+00   2.8550142e+00  -1.3642334e-01   1.1529262e+00   1.7595660e-01   1.4908416e+00  -1.7036112e-01  -2.6699972e-01  -6.2609485e-01   4.3261899e-01  -3.4123219e-01
  -5.3896940e-01  -3.8246490e-01   1.5253396e+00  -3.8052315e-01   7.6074597e-03  -2.1453890e-01   1.0377341e-01  -9.5628409e-02   1.3469773e-03  -6.3858215e-01   7.0750565e-01  -6.5660087e-01
   1.3447793e-01   5.7332388e-01   1.3027508e+00  -1.1838308e-01   1.0385228e+00  -5.1131582e-02   5.4564594e-01   3.4798247e-01   9.8071871e-02  -8.2217869e-01   5.6055754e-01  -2.5469698e-01
  -3.3595704e-01   5.8983653e-01   7.7532560e-01  -7.1512696e-01   5.4691303e-01  -1.7728534e-02   2.1219264e-01   4.3097411e-02  -4.3868550e-01  -1.0596750e+00   7.3974402e-01  -5.6661358e-01
   5.2859881e-02   4.4636102e-01   2.7879719e-01  -1.0314167e+00  -6.3875277e-01  -4.4961785e-01   1.5537252e-01  -2.1347149e-01  -6.0845208e-01  -1.0212355e+00   1.2886323e-01  -5.5768971e-01
  -3.4485125e-01   4.9820730e-01   2.3391195e-01  -1.1734358e+00  -1.2805214e-01  -6.7750053e-01   3.7797437e-01  -9.1902138e-02  -6.3774884e-01  -9.7696796e-01   8.0630625e-01  -3.3811155e-01
  -5.9167822e-01   3.0551331e-01   5.5313347e-01  -9.3446501e-01   1.1013184e-01  -3.7936888e-01   6.1691992e-01   3.1240250e-02  -3.1279689e-01  -6.1166813e-01   7.5559149e-01  -4.5279391e-01
  -5.7138277e-01   9.5341463e-01   6.4977238e-01  -7.8904279e-01  -3.7847998e-02  -5.8503420e-01   7.7429387e-01   8.5698603e-01  -2.9991382e-01  -2.2607545e-01   8.5626276e-01  -8.0088685e-01
  -1.0623601e+00   5.4502642e-01   4.5647821e-01  -1.5410963e+00   7.9550400e-01  -1.1514277e+00   1.3608507e-01   4.2709627e-01  -9.7495903e-01  -2.3641023e-01   7.9897286e-01  -4.9363527e-01
  -1.3341001e+00   3.6283744e-01   6.0072186e-01  -1.4658457e+00   1.5131962e+00  -1.3575073e+00   7.3905317e-01   3.2581512e-01  -1.3823302e+00  -5.1070166e-01   8.8830021e-01  -1.5831157e-01
  -1.7387932e+00   3.3522552e-01   2.1015442e-01  -9.8626749e-01   1.3067281e+00  -1.8877928e+00   8.7407781e-01   1.0353144e+00  -6.9823680e-01  -3.5983352e-01  -1.1667396e-01  -8.0055748e-01
  -1.4810284e-01   4.7122036e-01   6.6518585e-02  -3.5014175e-01   6.4116276e-01  -9.6694966e-01   5.5897707e-01   2.0325986e-01  -5.4279991e-01  -9.7340512e-02   9.2837828e-01  -5.3234449e-01
  -1.3937240e-01   2.5250282e-01  -3.4257434e-01   3.7306332e-01   2.6962322e-01  -7.2451271e-01   5.9667553e-01  -6.3900267e-02  -3.8184618e-01  -4.0158368e-01   2.7072401e-01  -8.0573012e-01
  -1.2527648e-01   7.3585409e-01  -4.1505347e-01   2.1469020e-01   3.7884598e-01  -4.2217457e-01   6.4696925e-01  -2.0028807e-01  -4.0086558e-01  -3.9575914e-01   5.5362955e-01  -7.8430351e-01
   2.7819906e-01   1.1450669e+00  -8.0132314e-01  -3.3048812e-02   2.8447442e-01  -3.2644942e-01   4.6005986e-01  -4.8253002e-01  -3.1973280e-01  -6.7429029e-01   5.7586476e-01  -5.5009603e-01
   3.2214831e-01   9.2633264e-01  -3.4128400e-01  -1.7285253e-01   2.9332005e-02  -4.7347872e-01   6.9435865e-01  -4.5380271e-01  -3.4469042e-01  -3.5878089e-01   1.0419306e+00  -5.2922283e-01
  -1.5798237e-01   6.3964065e-01  -6.7655231e-01   2.1109060e-02   1.0939346e+00  -4.6864964e-01   5.0900968e-01   1.2412006e-01   2.9424055e-02  -6.0268242e-01   8.8505994e-01  -4.4287946e-01
   7.2061346e-01   1.2061055e+00  -6.4131267e-01  -1.8469097e-01   9.7112303e-02  -2.7579878e-01   7.9898480e-01  -3.7356748e-01   2.9988713e-03  -1.0385480e-01   7.5410425e-01  -4.3491276e-01
  -2.0516100e-01   1.0115393e-01  -1.1995697e+00  -7.5052477e-01  -5.6301326e-02  -4.4162364e-01   1.4016854e+00   5.7910345e-01  -5.0204354e-01  -8.1174849e-01   8.0251793e-01  -8.8349885e-01
  -6.6952458e-02   1.4111683e-02  -1.2719066e+00  -4.7004543e-01   5.4365757e-01  -2.5039150e-01   6.8456934e-01   1.1435008e-01  -2.3694525e-02  -3.1554974e-01   6.6457203e-01  -1.1305617e+00
   3.8951991e-01   7.1723289e-01  -7.4010313e-01  -1.7775931e-01  -9.4403960e-03  -9.8831735e-01   7.9816390e-01  -4.8372182e-01  -6.6220050e-01  -8.2332186e-01   1.3554276e+00  -7.2131000e-01
  -3.9514957e-01   9.5050989e-01  -5.1120226e-01  -3.8598889e-01  -2.7814018e-01  -6.5137567e-01   7.8235533e-01  -2.5786465e-01  -6.7892103e-01  -6.1651965e-01   1.9107636e-01  -1.3038942e+00
   5.1019919e-01   1.0990548e+00  -9.0174094e-01   7.7531427e-01   5.6609658e-01  -4.7862915e-01   3.4492098e-01   5.0798215e-02  -4.5988377e-01  -1.6696385e-01   7.4353980e-01  -2.8300152e-01
  -2.1196076e-01   1.1310472e+00  -3.5592597e-01   4.4527820e-01  -2.7372722e-01  -5.8294469e-01   9.3345980e-01   2.4449938e-01  -2.5950968e-01  -2.5281857e-01   1.0012072e+00  -1.4015517e-01
  -6.8777735e-02   1.4320859e+00  -2.1072520e-01   6.2227418e-01  -3.3767737e-01  -4.2573717e-01   4.6129688e-01   1.7875644e-02  -3.4449293e-01  -5.4370354e-01   8.2353229e-01  -1.9488944e-01
  -1.7245098e+00   1.5918318e+00  -6.7245399e-01   3.4947920e-01   1.3450522e+00  -2.6559488e-01  -4.0648632e-01   6.2546281e-01  -7.3283320e-01  -8.2489659e-01   4.9983133e-01  -7.0381857e-01
  -3.8783998e+00   1.9467503e+00   6.8381072e-02  -4.6278120e-01  -2.5210906e-02  -1.6859004e-01  -8.0539671e-01   1.7771541e-01  -8.1044779e-01  -8.4394484e-01   4.7349415e-01  -5.0512986e-02
  -3.7671191e+00   1.5423547e+00  -8.6939009e-01  -3.1159564e-01   6.8117240e-01  -2.7170048e-01  -5.9017014e-01   7.0562974e-01  -8.6812317e-01  -8.6627227e-01   2.4896260e-01  -7.9555956e-01
  -2.2020024e+00   1.3448527e+00  -3.3288360e-01  -1.0521047e-01   6.7007268e-01  -1.0150627e+00   4.3904372e-02   9.3471980e-01  -5.1622121e-01  -1.2714517e+00   1.4978482e-01  -8.4890200e-01
