  -1.8351121e-01   9.8935064e-01  -1.0558805e+00  -3.3345703e-03   2.6833959e-01  -1.0927428e+00   5.5185390e-01  -2.0835445e-03  -5.1088405e-01  -4.9864752e-01   5.0620900e-01  -8.0318885e-01
   1.4110195e-01   4.8781527e-01  -1.0033770e+00  -4.6498313e-01   3.8013431e-01  -1.0901854e-01   8.1233226e-01  -2.3647715e-01  -7.5941359e-01  -6.9734375e-01   1.0072820e+00  -4.4803992e-01
   3.7860668e-01   8.8977475e-01  -4.4349122e-01   5.8494219e-01   2.9632348e-01  -4.5273646e-01   5.8811517e-01  -8.3921171e-02  -1.3155329e-01  -8.0403987e-01   1.0609121e+00   4.6737416e-03
   8.9763626e-01   8.4552146e-01  -8.4517058e-01   3.9972568e-01   5.7419588e-01  -1.6651655e-01   6.7244374e-01   2.1329087e-01   6.5977479e-02  -3.6989440e-01   5.1857198e-01  -9.2836480e-01
   2.7068883e-01  -4.5148762e-02  -1.1181908e+00   7.1129031e-01   1.2333873e+00  -4.0984066e-01   6.2901331e-01   4.0305101e-02  -3.5143424e-01  -7.4711297e-01   5.5152490e-01  -7.4369702e-01
  -7.8289371e-01  -1.1990099e+00  -1.8678428e+00   1.4830322e-01   5.2776575e-01  -1.4739043e+00  -2.0363917e-01  -2.2814698e-02  -6.5960281e-02  -1.0135439e+00   3.7533987e-01  -5.8236776e-01
   7.1400241e-01  -2.5174218e-01  -1.2085006e+00   9.2620647e-01   1.3489689e+00  -6.1196262e-01   4.8845203e-01   5.1514352e-01   1.6226426e-01  -7.4260500e-01   2.2655705e-01  -9.8653539e-01
   4.0492724e-01  -5.1276055e-02  -8.3743223e-01   5.8597564e-01   1.2550239e+00  -1.5461255e-01   5.6406747e-01   9.4355205e-01   1.2299044e-01  -4.4998835e-01   4.3190004e-01  -1.0022434e+00
   6.6745196e-01   2.3181202e-01  -5.7892150e-01   6.3098935e-01   5.1880476e-01  -1.2568740e+00  -5.9855670e-02   2.0282461e-01   1.7533540e-01  -6.8414992e-01   1.4488273e-01  -8.8092926e-01
  -3.1070982e-01  -5.4004384e-01  -1.1629180e+00   8.3412874e-01   6.6617049e-01  -5.1629481e-01   1.9058396e-01   5.6804416e-01   3.7134584e-01   1.0897684e-01   1.3183024e+00  -1.4223531e-01
   8.1315389e-01   4.6256923e-01  -1.0340212e+00   5.6774182e-01   2.5015424e-01  -6.4783319e-01   8.1640109e-01   4.4904085e-01  -9.2820070e-02  -7.9616797e-01   3.2455145e-01  -4.3120692e-01
   5.7990380e-01   1.0901903e+00  -1.3715023e+00   3.5452334e-02   2.3374169e-01  -3.9409172e-01   5.3264475e-01   7.5145055e-02  -1.4446870e-01  -4.0498833e-01   2.2175742e-01  -1.1828658e+00
  -9.5823700e-01   6.7320097e-01  -1.2816731e+00   4.9557043e-01   7.4833532e-01   9.1745150e-02   6.3725673e-01   5.0208040e-02  -1.2060545e-01  -5.6653614e-01   3.2535957e-01  -1.2596708e+00
   1.3844313e-01   1.4130148e+00  -6.3068966e-01   4.2766230e-01   4.8620105e-01  -5.1996722e-02   3.9103000e-01  -2.6439976e-01  -2.7969885e-01  -6.4493383e-01   4.9058976e-01  -4.6151254e-01
  -3.4222274e-01   2.1281379e-01  -1.7137293e+00   2.2880368e-02   9.5306438e-01   4.1834842e-01   1.3112041e+00   5.2633270e-01  -8.9114158e-02  -4.0900744e-01   9.0618096e-01  -4.0156916e-01
  -1.7415061e-02   1.0801538e+00  -8.5754159e-01  -1.0450762e-01   3.0117525e-01  -3.7016696e-01   4.9359460e-01   8.5482697e-02  -8.7652871e-01  -6.6516755e-01   9.0060014e-01  -2.1931529e-01
   2.1136771e-01   8.6924988e-01  -8.8344577e-01   1.3742683e-01   2.2060052e-02  -7.4559355e-01   9.9415356e-01   9.1812490e-02  -4.4867739e-01  -5.0558457e-01   6.5127100e-01  -3.5564750e-01
  -1.0778673e+00   1.1636077e+00   6.1822878e-01  -9.1504592e-01   9.3122629e-01  -1.0636322e+00   1.0819829e+00   1.0764674e+00  -7.1708641e-01   3.2273624e-01   2.9512865e-01  -1.0704718e+00
  -2.5966055e+00   3.9560761e-01   2.2985616e+00  -2.3223309e+00   1.3666511e+00  -1.2712572e+00   1.4240563e+00   1.2084152e+00  -1.1625852e+00   1.0130947e+00   1.0818615e+00   8.6790731e-04
  -3.0688702e+00   1.0201352e+00   1.1030475e+00  -2.6989967e+00  -2.1709258e-01  -1.9467430e+00   8.4952426e-01   3.1636478e-01  -1.2138889e+00   7.7867541e-01   1.1135698e+00  -2.2476268e-02
   2.1066375e+00   3.0858609e+00   3.4013845e+00  -1.6002503e+00   1.5207255e-01  -2.9823249e+00   7.3774294e-01  -5.0847223e-01  -1.8677254e+00   1.2951719e-01   5.2666103e-01  -6.6243057e-02
   2.7254539e+00   3.4145876e+00   3.2884189e+00  -8.0699480e-01  -8.8888034e-01  -3.3390943e+00   6.7533680e-01  -1.4647760e+00  -1.3652273e+00   1.2575169e-01   7.6658287e-01  -8.8437792e-02
   2.0774066e+00   3.0689659e+00   3.3363557e+00  -5.7112468e-01  -8.6835607e-01  -2.5995150e+00   8.6432516e-02  -8.1168200e-01  -1.4042890e+00   2.1615962e-01   5.7172288e-01  -4.7363417e-01
   1.2212243e+00   1.6392704e+00   2.2924041e+00  -3.1051669e-01  -1.0378232e-01  -2.8299279e+00   7.7663682e-01  -4.8860290e-02  -1.1845018e+00   2.6142892e-01   3.8951685e-01  -9.7030184e-01
   2.6278634e+00   2.6922915e+00   1.8036564e+00   6.4959235e-02  -6.5318500e-01  -1.1634350e+00   1.0257584e+00  -1.8089697e-01  -7.4010671e-01  -5.6424007e-01   3.9547718e-01  -6.6444286e-01
   1.3215203e+00   9.3949984e-01   1.4943856e+00   4.6042208e-01   1.8002356e+00  -2.9370941e+00  -1.3866743e-02   4.5716387e-02  -8.8994562e-01  -9.3257787e-01  -3.3600128e-01  -8.6988289e-01
  -3.8060652e+00  -1.3634381e+00   5.4438012e-01   6.9619852e-01   2.1651621e+00  -2.7695443e+00   8.5066763e-01   3.5405949e-01  -5.8428324e-01  -1.6304872e+00   4.4794592e-01  -1.2460631e+00
   1.7885064e+00   1.1078570e+00   3.9260730e+00  -1.4738898e+00   3.1387428e-01  -4.3578088e+00   5.7934191e-01  -6.8747550e-01  -2.0590722e-01   4.3340716e-01   2.5855240e-01  -1.2127335e+00
   2.1995254e+00   2.0402976e+00   3.3970178e+00  -7.8553383e-01  -2.2564770e-01  -4.4113680e+00   4.7400970e-01  -5.7695518e-01  -1.2198043e+00   1.6853775e-01   8.4337810e-01  -1.4334770e+00
   2.1434532e+00   3.7974012e+00   2.4296423e+00  -5.8712989e-01  -5.2737562e-01  -3.4970988e+00  -9.3991518e-02   8.5475444e-02  -1.7074375e+00  -1.0516986e-01   1.3205598e+00  -8.3172376e-01
   1.4159027e+00   3.2433552e+00   2.3644440e+00  -2.5873239e-01   1.6797583e+00  -1.0555489e+00  -1.1070021e+00   8.9249844e-02  -1.1746019e+00  -1.2188219e-01   1.0801942e+00  -1.8465837e+00
   1.0892942e+00   2.8314529e+00   2.4103015e+00  -7.3801685e-01   1.9669263e+00  -6.1512728e-01  -6.0360295e-01  -2.1033889e-01  -9.9505756e-01  -2.7753475e-01   9.1025587e-01  -1.9924075e+00
   1.1221342e+00   3.0901065e+00   2.1735650e+00  -4.3628154e-01   1.8113494e+00  -1.1796055e+00  -1.1131491e+00   5.6690761e-01  -8.1658009e-01   3.8019554e-01   1.8709176e+00  -1.1494992e+00
   2.5775390e+00   3.6390248e+00   3.1014757e+00  -1.2635866e+00   6.4807276e-01  -2.9332165e+00  -2.6504051e-01  -1.4211024e+00  -7.1472306e-01   6.6929106e-01   1.8283879e+00  -1.6664649e+00
   2.4160215e+00   3.6658349e+00   3.1885160e+00  -1.4991841e+00  -4.5285887e-02  -2.9217070e+00   3.1256924e-01  -4.5853044e-01  -7.3623735e-01   5.3537526e-01   1.1543208e+00  -1.5474171e+00
   2.3390571e+00   1.9780574e+00   3.2964891e+00  -1.2744504e+00   4.1379213e-01  -3.3653045e+00   8.6760140e-01   6.7434538e-01  -2.3322545e+00  -1.3633584e-01   2.1700934e+00  -1.6161006e+00
   2.0198179e+00   2.1882386e+00   1.3404669e+00   2.2629744e-01   9.2255917e-02  -8.8744402e-01   7.9829954e-01   1.9189126e-01  -7.5076355e-01  -8.1628271e-01   6.7978516e-01  -1.1952818e+00
   2.9319211e+00   1.6829211e+00   1.1679094e+00  -2.6367715e-01   5.1927441e-01  -1.7025300e+00   3.2911844e-01  -9.1085439e-01   3.4021260e-02  -8.3045525e-01   1.1325808e+00  -5.9708046e-01
  -3.6280015e+00  -9.9763488e-01   9.3610127e-01  -4.8803082e-01   2.3606826e+00  -3.4958071e+00   9.4439622e-02   3.0118436e-01  -1.5927187e+00  -1.2483840e+00   1.1442210e+00  -4.8931262e-02
  -2.1401333e+00   6.3940511e-01   6.8735520e-01  -8.4036525e-01   9.1097810e-01  -1.9992225e+00   3.7198763e-01  -1.8666244e-01  -1.9559077e+00   5.4681535e-01   1.2624268e+00  -3.9802972e-01
   7.2762428e-01   1.3178948e+00   2.2657044e+00  -9.0686161e-03   2.4695033e+00  -1.5116676e+00  -1.9850743e-01  -2.1589285e+00  -3.3351970e+00   8.0524335e-02   1.9515601e-01  -5.1187886e-01
   1.5016722e+00   6.1536340e-01   2.6752403e+00  -2.3557558e-01   2.3244572e+00  -1.2859347e+00   2.3036102e-01  -1.5839782e+00  -2.9118319e+00  -3.5501188e-01   2.3982575e-01  -4.8725616e-01
   6.3639228e-01   1.0246687e+00   3.3882592e+00  -4.0335762e-01   2.6428644e+00  -1.4319773e+00   7.2095061e-01  -1.4843494e+00  -2.5532359e+00   1.5254709e-01   9.3442040e-01  -1.2559074e+00
   3.4616699e-01   1.4350103e-02   2.3883122e+00  -8.3459263e-01   2.4285840e+00  -8.4003068e-01   6.6942687e-01  -1.1627316e+00  -1.8553325e+00  -4.0658937e-01   1.6188325e+00  -7.1830892e-01
  -9.2971328e-01   2.5302426e-02   1.5073554e+00  -6.1043857e-01   2.7896813e+00  -4.7689537e-01   1.4449782e+00  -5.8307223e-01  -5.7415629e-01  -5.6361786e-01   1.7082302e+00  -9.7632207e-01
  -5.3123724e+00  -3.5598649e-01   1.6575302e+00   1.6469186e-01   2.6434547e+00  -9.4837275e-01   3.1237843e-01  -1.4290762e+00  -7.3552818e-01  -9.8547242e-01   1.4185822e+00  -4.3112778e-01
  -6.3726800e+00  -6.8207832e-01   2.0848488e+00  -9.1839976e-01   1.5612570e+00  -1.0099565e+00   2.2426574e-01  -1.5741503e+00  -2.4713967e-01  -7.6525603e-01   1.4788413e+00   8.7659383e-02
  -6.2197972e+00  -6.2780094e-01   1.5732594e+00  -5.9964932e-01   1.5808512e+00  -1.1668732e+00   5.0407426e-01  -6.5218948e-01  -3.4614167e-01  -8.4212327e-01   1.0686895e+00  -1.8566271e-01
  -5.7946304e+00  -1.2075564e+00   1.7926584e+00  -1.6372469e-01   1.5553425e+00  -1.2289411e+00   3.0112396e-01  -1.1695108e+00  -5.0158847e-02  -1.0800784e+00   7.5078527e-01  -5.9302805e-01
  -5.6332740e+00  -1.1256158e+00   1.9230443e+00  -6.7590188e-01   1.0804276e+00  -1.4415329e+00   1.6794449e-01  -1.2068367e+00  -1.9546463e-01  -9.3881675e-01   1.1453299e+00  -1.0086426e-01
  -5.2173593e+00  -9.8245566e-01   2.5289191e+00  -1.1227931e+00   8.8600512e-01  -1.1759492e+00   2.3977954e-01  -5.5967315e-01   3.0388473e-01  -8.7519794e-01   4.8928410e-01  -6.4931479e-01
  -1.9499664e+00  -8.3220662e-01   4.4785647e-01  -1.4098112e+00   9.6247387e-01   1.5363392e-01   5.4903542e-01   2.4906970e-01   9.8606752e-02  -8.7475647e-01   3.8849992e-01  -7.1109040e-01
  -2.3966845e-01  -2.8263591e-01   8.5965594e-01  -1.8233566e+00  -5.1994782e-02  -7.9956514e-01  -1.1662989e-02  -5.0181783e-01  -3.8524845e-01  -1.0131640e+00   4.9580927e-01  -8.6401259e-01
  -1.3688416e+00  -7.2503675e-02   9.2575409e-01  -1.5910350e+00   1.6593812e+00  -1.3970200e+00  -3.0467751e-01  -4.3769284e-01  -1.5110431e+00  -4.9659125e-01   7.2214207e-01  -5.6139815e-01
  -1.1787621e+00   1.2028273e+00   1.4992269e+00  -2.0252667e+00   1.1866145e+00  -1.6562244e+00   5.3335765e-01   2.6501905e-01  -5.6663183e-01   1.0893656e-01   1.2990414e+00  -3.7608243e-01
  -2.2224119e+00   3.6773570e-01   3.3829418e-01  -1.7723699e+00   7.7955627e-01  -2.1032049e+00   1.0527933e+00   4.8948868e-01  -5.8573556e-01  -5.8230966e-02   7.7505682e-01  -8.7243322e-01
  -2.4017783e+00   5.3911407e-01   4.4344746e-01  -1.7099346e+00   1.8498639e+00  -1.4780015e+00   8.8524045e-01   4.6950723e-01  -8.8704799e-01  -4.4322100e-01   9.3458266e-01  -6.7612159e-01
  -3.3411447e+00   6.2319326e-01   6.9160852e-01  -1.5704455e+00   1.5362887e+00  -1.9130952e+00   4.7631874e-01  -1.4781033e-01  -1.2453094e+00  -2.9386207e-01   1.1719554e+00  -4.8530685e-01
  -2.3881684e+00   1.2689044e+00   1.0665856e+00  -1.4036892e+00   1.2768036e+00  -1.8516896e+00   1.0019665e+00   1.2787346e-01  -1.5382052e+00  -4.1334809e-01   1.0806431e+00  -5.8829380e-01
  -2.7297830e+00   7.9516229e-01   6.0195594e-01  -1.3113129e+00   1.5616464e+00  -2.3078513e+00   5.4897462e-01  -1.0395993e-01  -1.2085322e+00  -6.2830635e-01   1.1380591e+00  -5.4596912e-01
  -3.4630329e+00   6.6012144e-01   7.9425506e-01  -1.5837709e+00   1.0562227e+00  -2.3806158e+00   8.9408274e-01   8.1944088e-01  -8.7742535e-01   3.2821685e-01   1.7442843e+00  -5.4614297e-01
  -2.1775401e+00   9.3134706e-01   1.0479607e+00  -8.7738656e-01   1.4915681e+00  -2.0230288e+00   1.0489617e+00   8.9114516e-01  -8.4831759e-01   1.8936968e-01   1.5207068e+00  -3.0143756e-01
  -1.9608040e+00   1.0207681e+00   1.0047936e+00  -5.3043505e-01   1.1943562e+00  -1.3404909e+00   1.2408816e+00   6.0208440e-01  -1.1506383e+00  -4.2693563e-02   1.4965990e+00  -3.7782308e-01
  -7.7586510e-01   5.4348831e-01   8.9422723e-02  -5.7062112e-01   3.9173969e-01  -1.2033756e+00   1.0905617e+00   3.2364244e-01  -9.8971483e-01  -4.9981685e-01   8.3159391e-01  -4.4383845e-01
  -1.0535140e-01   8.2099667e-01  -4.7862794e-02   4.5344993e-01   1.4276020e+00  -6.1172846e-01   1.0741591e+00   1.1809153e-01  -3.2495485e-01  -6.1315987e-01   6.5946969e-01  -1.2794658e+00
  -3.7575685e-02   1.2453796e+00   6.9447906e-03   4.7173478e-01   1.9926397e-01  -3.7645619e-01   9.3836286e-01  -5.0094061e-01  -4.8805732e-01  -1.4160653e-01   1.0073493e+00  -1.5740956e-01
  -3.5606193e-01   7.9241746e-01  -2.9059643e-01   1.1154791e-01  -4.1227133e-02  -8.5796349e-01   1.0131776e+00  -1.8260588e-01  -3.6738893e-01  -7.8102533e-01   8.2271261e-01  -1.2731639e-01
  -5.2428117e-01   5.8416993e-01  -4.2977152e-01   2.4443984e-01   9.3860189e-01   2.9733194e-01   1.0904236e+00  -2.1453088e-01  -4.5732199e-01  -8.0277409e-01   2.5318731e-01  -1.0189749e+00
   2.0426145e-01   6.5508852e-01  -9.9746060e-01  -6.3528463e-02   1.7567750e-01  -1.2278396e+00   8.6250928e-01  -2.6682441e-01   7.1700658e-03  -6.2622624e-01   6.7770859e-01  -1.0223928e+00
   4.7982622e-02   1.1397229e+00  -4.3699895e-01  -5.9062779e-02  -4.4037553e-02  -4.1547718e-01   9.4476242e-01  -2.7500624e-01  -3.8655817e-02  -7.1927177e-02   1.1941494e+00  -4.1299253e-01
   5.7635783e-01   1.1091362e+00  -5.8153898e-01   1.9759533e-01   1.9859534e-01  -7.0748770e-01   7.4926593e-01   1.3799163e-01   3.6254498e-01   3.7676235e-02   7.7839293e-01  -4.0285751e-01
  -4.6276597e-01   9.0168774e-01  -4.3399276e-01  -9.8931919e-02   9.6824888e-01   3.6656201e-02   1.2644368e+00  -1.5172751e-01  -6.8396693e-01  -6.8729027e-01   8.0389742e-01  -4.5110152e-01
  -9.6423893e-01  -4.0587478e-01  -1.1844656e+00  -1.2988271e+00   5.3192375e-01  -5.5708072e-01   7.5956797e-02   4.2727887e-01  -5.0414663e-01  -2.2647272e-01   1.5399609e+00  -4.9873831e-01
   6.5309262e-01   1.2929157e+00  -6.0560840e-01  -3.8434611e-01  -8.0395098e-02  -6.9174559e-01   1.0656880e+00   5.7202800e-01  -1.0128603e-01  -1.0545880e+00   3.5735981e-01  -6.4042486e-01
   5.1808551e-01   1.0841043e+00  -7.8089213e-01   1.0316369e-01   4.7425498e-01  -1.4507571e-01   1.6344243e+00   3.8286745e-01  -2.1129439e-01  -5.3867781e-01   1.0833661e+00  -6.0814322e-01
   4.5120784e-01   8.7609498e-01  -8.4890536e-01   1.1166114e-01   4.4811750e-01  -3.1494786e-01   8.1881746e-01   1.6201003e-01  -7.7930137e-01  -7.4034201e-01   5.6581521e-01  -6.5797655e-01
  -2.6990764e-01   1.1117346e+00  -8.1467465e-01  -1.5820146e-01   2.0520088e-01  -2.0123109e-01   1.3690673e+00   3.6542426e-01  -6.0738473e-01  -9.2466896e-01   4.3683430e-01  -4.0449535e-01
   6.7607734e-01   1.2117470e+00  -6.8189709e-01  -4.7305191e-01  -3.0842073e-02  -3.7293179e-01   7.4770231e-01  -3.1661426e-02  -3.7222600e-01  -1.7689879e-01   1.1125467e+00  -5.2174295e-01
   1.0283572e-02   4.3415219e-01  -1.9726667e+00  -3.4357551e-01   3.6111781e-01  -4.8136842e-01   6.1398917e-01  -3.5419803e-01  -7.2829073e-01  -1.0275701e+00   7.8947506e-01  -2.8857951e-01
  -1.8891591e-01   4.5617358e-01  -1.8068657e+00  -8.9567738e-01   4.8951226e-01  -1.0894365e-01   1.1090246e+00   2.1041982e-01  -3.4362683e-01  -4.7610416e-01   8.9216436e-01  -1.0085719e-01
  -1.7245098e+00   1.5918318e+00  -6.7245399e-01   3.4947920e-01   1.3450522e+00  -2.6559488e-01  -4.0648632e-01   6.2546281e-01  -7.3283320e-01  -8.2489659e-01   4.9983133e-01  -7.0381857e-01
  -3.8783998e+00   1.9467503e+00   6.8381072e-02  -4.6278120e-01  -2.5210906e-02  -1.6859004e-01  -8.0539671e-01   1.7771541e-01  -8.1044779e-01  -8.4394484e-01   4.7349415e-01  -5.0512986e-02
  -3.7671191e+00   1.5423547e+00  -8.6939009e-01  -3.1159564e-01   6.8117240e-01  -2.7170048e-01  -5.9017014e-01   7.0562974e-01  -8.6812317e-01  -8.6627227e-01   2.4896260e-01  -7.9555956e-01
  -2.2020024e+00   1.3448527e+00  -3.3288360e-01  -1.0521047e-01   6.7007268e-01  -1.0150627e+00   4.3904372e-02   9.3471980e-01  -5.1622121e-01  -1.2714517e+00   1.4978482e-01  -8.4890200e-01
